,compound,neg,neu,pos,id
0,0.0,0.0,1.0,0.0,--XQAK7NhUs
1,0.996,0.065,0.776,0.16,-2RStr_KtP4
2,0.8057,0.0,0.916,0.084,-4MagUTyp3Y
3,0.9998,0.024,0.771,0.206,-8KntVmm2r8
4,0.9943,0.009,0.954,0.037,-ADzNjgctho
5,0.9996,0.019,0.86,0.122,-BLi-VxE--Y
6,0.9999,0.068,0.742,0.19,-CwoylxqVPA
7,0.9995,0.07,0.833,0.097,-Ej5qLcmzv0
8,0.972,0.007,0.965,0.028,-Fpxa4tXO9A
9,0.971,0.015,0.941,0.045,-G5a15ZG4SU
10,-0.9838,0.064,0.902,0.034,-I6UKZqb5hg
11,-0.9979,0.063,0.898,0.039,-IS_WCRq5BY
12,-0.6734,0.005,0.995,0.0,-Iebjs-48-s
13,-0.8035,0.024,0.964,0.012,-KYYL3kMctc
14,-0.9806,0.048,0.934,0.018,-OKR-qL54tU
15,0.7882,0.023,0.948,0.029,-QYvsZCiiNs
16,0.0,0.0,1.0,0.0,-RErLff9BQ8
17,-0.9795,0.033,0.951,0.016,-Sn68BnMAJc
18,0.0,0.0,1.0,0.0,-_BJRh0gW9c
19,-0.9995,0.09,0.886,0.023,-db1Tu28nSM
20,-0.9929,0.027,0.963,0.01,-egZmn2kJzo
21,0.9893,0.008,0.952,0.04,-iCEdhWzqeI
22,0.0,0.0,1.0,0.0,-j6q2dwWFhU
23,0.9998,0.031,0.742,0.227,-kyqE2Nq3pc
24,0.9938,0.019,0.925,0.055,-ozmpOa_lS0
25,0.9944,0.003,0.964,0.033,-qzfbjHtOLM
26,0.7191,0.07,0.841,0.089,-rCT2Wm3wWQ
27,0.9989,0.029,0.918,0.053,-w3iYPvbY2Y
28,0.9975,0.0,0.92,0.08,-xhZAoE9sLs
29,0.9608,0.02,0.945,0.034,-yTbVC95GAk
30,0.8343,0.027,0.879,0.094,03jDAXqaowk
31,0.9989,0.111,0.736,0.153,06DwCNuWug8
32,0.8257,0.024,0.917,0.059,0FbApS8Nhik
33,-0.4617,0.023,0.964,0.014,0FwaWiVppIY
34,0.7488,0.025,0.9,0.075,0GFF0iHyYbU
35,0.9989,0.0,0.982,0.018,0I02vlhj84c
36,0.8798,0.0,0.995,0.005,0IWd2Ln1Rdo
37,1.0,0.05,0.748,0.203,0LA5ausInlw
38,0.8748,0.005,0.946,0.048,0MVWqjb2_zI
39,0.9944,0.002,0.937,0.061,0OnZ34l-HW8
40,0.0,0.0,1.0,0.0,0PWma3841LI
41,0.8427,0.033,0.926,0.041,0Pap39_cXOs
42,-0.9968,0.097,0.865,0.038,0QVOhB3MfqE
43,0.7998,0.0,0.974,0.026,0XtptEn558g
44,0.8504,0.0,0.989,0.011,0_TDIMuaxdY
45,0.9048,0.024,0.943,0.033,0ax8f7DcUmg
46,-0.9939,0.044,0.945,0.011,0cIyhZqy75o
47,-0.9524,0.022,0.959,0.019,0cwVTshRIGo
48,0.9885,0.01,0.952,0.038,0dKlfdtWzzc
49,-0.9231,0.011,0.987,0.002,0i4e32SlbIw
50,0.0,0.0,1.0,0.0,0inO04u_zrw
51,0.9993,0.041,0.794,0.165,0ktXwOZbhC4
52,0.9998,0.066,0.673,0.261,0lyR5kRL52E
53,1.0,0.064,0.765,0.171,0n9ITSKRAMA
54,0.8118,0.0,0.995,0.005,0niPLpPydp0
55,0.3875,0.0,0.976,0.024,0pKGpgArRP8
56,0.9999,0.023,0.916,0.061,0rrN1Qmpnbg
57,0.999,0.072,0.753,0.175,0v9EIaN4Nzo
58,1.0,0.047,0.669,0.284,0vclPca_UkU
59,1.0,0.047,0.707,0.246,0zXfDafyyao
60,0.9995,0.015,0.818,0.167,12jj-kZSCAE
61,0.994,0.004,0.961,0.034,12lxpp7Eq0g
62,0.8902,0.0,0.995,0.005,14KJSGbNlt0
63,0.9731,0.013,0.945,0.042,18F50u0PqTw
64,1.0,0.048,0.686,0.265,1Bbv-uFJSZI
65,0.9426,0.0,0.99,0.01,1GnESYYZUYQ
66,0.9999,0.007,0.899,0.094,1JlLi9pDaJE
67,0.9731,0.0,0.994,0.006,1OkXaiBNfFc
68,0.9603,0.003,0.985,0.012,1TdQH38RSYY
69,0.9992,0.005,0.881,0.115,1W9V9TjoL8M
70,-0.798,0.013,0.983,0.004,1Yp26uhXy04
71,-0.994,0.016,0.976,0.008,1bJCsGJUqg0
72,-0.9916,0.052,0.926,0.023,1c1Pew0dghs
73,0.0,0.0,1.0,0.0,1hEaLr2XB7E
74,0.9992,0.059,0.759,0.182,1kEpZCtRhPA
75,0.9936,0.01,0.941,0.049,1nR84q0RAEY
76,1.0,0.076,0.671,0.253,1n_cPIhag28
77,-0.9938,0.041,0.949,0.011,1oPRJw2bxuE
78,0.0,0.0,1.0,0.0,1p-NMEBMdKg
79,0.9912,0.012,0.925,0.063,1sBCe9of4KM
80,-0.9902,0.034,0.957,0.01,1tksCM9PesI
81,1.0,0.071,0.723,0.206,1vpzyzfQdsI
82,0.9991,0.052,0.79,0.158,20IOYT25Tto
83,0.7922,0.0,0.993,0.007,2DCAtqXQX1I
84,0.8923,0.016,0.951,0.032,2D_7xx600lw
85,0.9952,0.054,0.857,0.089,2DjilozKJnk
86,-0.9999,0.049,0.925,0.026,2E55xvU1Ajs
87,0.9957,0.006,0.931,0.064,2GQVCpk0z7Y
88,0.9999,0.015,0.93,0.054,2GciQpGoltM
89,0.9999,0.024,0.762,0.214,2H-k11vs8-s
90,0.8453,0.013,0.969,0.018,2LDW2WDobEg
91,-0.703,0.009,0.988,0.003,2LttwF2uOKs
92,0.9754,0.0,0.984,0.016,2MbqkT3yxeA
93,-0.794,0.032,0.944,0.025,2MpndHkDBwE
94,0.0,0.0,1.0,0.0,2NWRvGnpUAU
95,0.8634,0.0,0.986,0.014,2QN1vmuoki8
96,1.0,0.063,0.785,0.152,2QrEBEbIl4A
97,-0.8089,0.014,0.981,0.005,2Swsf75FuQ0
98,-0.999,0.047,0.923,0.03,2VUaXA-uLF8
99,0.9997,0.026,0.936,0.039,2W2J30ZkaG0
100,0.9859,0.015,0.953,0.032,2_Vrl2fLY1M
101,-0.786,0.116,0.783,0.1,2_ivukEteDg
102,-0.8269,0.029,0.948,0.023,2ackns42yn0
103,1.0,0.099,0.694,0.207,2b6-vsEi58w
104,0.9914,0.0,0.957,0.043,2bzUxfp8_lE
105,0.8671,0.0,0.978,0.022,2dri-6t7VeM
106,-0.9385,0.005,0.995,0.0,2g2eti7GnRY
107,0.9937,0.0,0.943,0.057,2gjoDu8SXkg
108,0.9541,0.042,0.904,0.053,2i_G2m0vP6U
109,1.0,0.106,0.766,0.129,2of5Y3Z7VCE
110,0.9236,0.0,0.987,0.013,2qDMXjAVy34
111,-0.9999,0.047,0.929,0.024,2qcfps-ZW3A
112,0.9995,0.026,0.906,0.068,2sLiHrjopvE
113,0.4199,0.0,0.998,0.002,2sQatnIfPI8
114,0.993,0.008,0.927,0.066,2tSUVWC5q-A
115,-0.9976,0.056,0.918,0.026,2tjYDu085sQ
116,-0.9964,0.05,0.923,0.027,2tkTd872IpM
117,0.7575,0.011,0.972,0.018,2wmH-8vqtjc
118,0.9998,0.021,0.873,0.106,2xDaFsE8M5Q
119,0.9641,0.02,0.958,0.022,30pyRH9KNkY
120,0.8729,0.023,0.956,0.021,32ftlUuoRHQ
121,-0.8963,0.003,0.997,0.0,34miIdWnFSU
122,-0.9667,0.028,0.961,0.011,35tl94IWH8o
123,-0.9992,0.055,0.927,0.018,378zlkjLEuc
124,0.9993,0.065,0.751,0.185,37jHStzD6jc
125,-0.8427,0.01,0.99,0.0,39TzzjPmQbg
126,-0.9996,0.051,0.916,0.032,3Cp12CLQmok
127,0.973,0.015,0.955,0.03,3FVf9yo4f1c
128,0.9787,0.011,0.944,0.045,3GC0G2wEEqQ
129,0.9994,0.049,0.9,0.051,3HJhl83HGWk
130,1.0,0.02,0.664,0.316,3IEi1afAp5g
131,0.9015,0.0,0.956,0.044,3PHyVpDDvvI
132,0.0,0.0,1.0,0.0,3SLBKRs8C_0
133,-0.9998,0.045,0.92,0.035,3W8Ylhm4_8Y
134,1.0,0.099,0.733,0.169,3Xl0Qr0uXuY
135,-0.819,0.005,0.995,0.0,3YCfdDOfQCU
136,-0.9874,0.028,0.961,0.01,3YScGZy3wVs
137,0.9936,0.013,0.964,0.023,3cGtj77qDJI
138,0.9784,0.016,0.948,0.035,3et7U1j5NhY
139,0.9997,0.035,0.791,0.174,3fDlXpFVZ10
140,0.9993,0.082,0.775,0.143,3fxQ7VlYX6M
141,0.9948,0.008,0.947,0.045,3jOnyucPD5c
142,-0.9685,0.138,0.738,0.124,3jpxCvt7XAY
143,0.0,0.0,1.0,0.0,3oG91wFr364
144,-0.9963,0.073,0.919,0.007,3s9ia7ldY94
145,0.9408,0.016,0.951,0.033,3uSLGRau1jE
146,0.8963,0.0,0.985,0.015,3xtvP7iU03E
147,0.9999,0.073,0.737,0.19,3zJrYlCJpgY
148,0.0,0.0,1.0,0.0,43nmtMr8kQw
149,0.9938,0.006,0.924,0.07,49J7lw6Cx40
150,-0.9977,0.067,0.918,0.014,4Fb2Lv5KTuk
151,0.9999,0.077,0.721,0.202,4G4nBbBx_LU
152,0.9958,0.01,0.943,0.047,4KAFw4kd4pk
153,0.9895,0.026,0.921,0.053,4KEcBJxFzNI
154,0.9995,0.058,0.772,0.171,4NKoEN4D2wA
155,0.9474,0.01,0.959,0.031,4TC-jeSRRlo
156,-0.9464,0.028,0.961,0.011,4VRWmE9Hir0
157,-0.9998,0.139,0.77,0.091,4VTOplLl2BM
158,0.9853,0.004,0.957,0.039,4_7uCRg9JIc
159,-0.5414,0.045,0.907,0.048,4h13U_F79TU
160,-0.9967,0.063,0.9,0.037,4iExma_PfHI
161,-0.9976,0.092,0.882,0.026,4iqrnl_7-FI
162,1.0,0.044,0.833,0.123,4jmMWohs1XM
163,0.9951,0.011,0.933,0.056,4k8gJHe6loo
164,0.9655,0.056,0.856,0.088,4oOoC36f9II
165,-0.8405,0.012,0.983,0.006,4qrdtUX4Ezo
166,1.0,0.064,0.71,0.226,4t4-mBexJ1g
167,-0.9007,0.036,0.943,0.021,4uKKO0W8iRk
168,0.977,0.006,0.964,0.031,4vGwkMTvDik
169,0.9985,0.022,0.879,0.099,4zJ4i6Az2Ck
170,0.9957,0.009,0.929,0.063,504bJ-qMZxI
171,0.8529,0.0,0.988,0.012,50tfSSueHFg
172,0.9998,0.029,0.885,0.086,51-4_DItCio
173,0.9964,0.13,0.708,0.162,51kha_drAK4
174,0.9982,0.001,0.982,0.016,54h9ULtAir4
175,-0.6031,0.028,0.949,0.023,57AdP4RmSNk
176,0.8466,0.0,0.991,0.009,58_c0gcAHMU
177,1.0,0.046,0.687,0.267,59cPZzpoEKQ
178,0.6031,0.013,0.978,0.01,5CaQXdS68LM
179,-0.9182,0.197,0.719,0.084,5DElhPMvPV8
180,-0.9976,0.061,0.931,0.009,5E6bZFcpPqY
181,0.9904,0.014,0.936,0.05,5H3KmoNxWdc
182,0.9838,0.004,0.975,0.022,5IGj80uA5cM
183,-0.9957,0.045,0.93,0.025,5LVcU13NcWg
184,-0.9997,0.04,0.938,0.022,5NQGsgYRDns
185,0.9974,0.005,0.988,0.007,5OAysfkcMjg
186,0.0,0.0,1.0,0.0,5YTVx6iQbAI
187,0.9845,0.014,0.948,0.038,5c9aBYZ7_kQ
188,0.9988,0.027,0.794,0.178,5eUrFAhfI84
189,0.9995,0.035,0.919,0.045,5fY6W2QaU88
190,-0.8269,0.035,0.939,0.026,5jUophE9ahQ
191,-0.9997,0.111,0.873,0.015,5k7NIhKz5_M
192,0.9995,0.052,0.806,0.142,5kwb4aFuGWk
193,0.0,0.0,1.0,0.0,5p07uIxgkSM
194,-0.9998,0.088,0.887,0.025,61xkVmroX7Q
195,-0.9983,0.097,0.857,0.046,64_sBpcbVzE
196,-0.9002,0.029,0.963,0.008,65EmDrNbDF4
197,0.9969,0.0,0.935,0.065,65Mya8pFAfk
198,0.9885,0.026,0.943,0.031,66rL1hJOBLU
199,0.9998,0.071,0.739,0.191,68c1RmFZQeQ
200,-0.8758,0.064,0.884,0.052,6ADwxAX0j1s
201,1.0,0.099,0.762,0.14,6E3RK7FGaRs
202,0.9077,0.0,0.997,0.003,6EA9L3pC7yY
203,0.9674,0.0,0.99,0.01,6Egbt1RxKAQ
204,0.0,0.0,1.0,0.0,6G_TX39hgHM
205,1.0,0.075,0.664,0.261,6KB71UI2iWM
206,0.0,0.0,1.0,0.0,6KrKEOY84kw
207,0.9931,0.013,0.891,0.097,6LAz_2ES1a8
208,1.0,0.011,0.954,0.036,6Nm9GOAmZgk
209,0.7623,0.0,0.965,0.035,6PFAlZgmccs
210,-0.9174,0.009,0.988,0.003,6QqilKy3jb4
211,0.9634,0.002,0.978,0.02,6RCsvMCK68k
212,0.9899,0.012,0.93,0.059,6Tj5JA_xAzI
213,0.9964,0.009,0.899,0.092,6X3C6we4-u4
214,-0.8061,0.016,0.971,0.012,6f9mZOG38Ss
215,0.9996,0.04,0.748,0.212,6g3EanTqoOA
216,0.9671,0.032,0.932,0.037,6g3lDaYygow
217,-0.8253,0.032,0.943,0.026,6gBq0VVwM5g
218,0.0,0.0,1.0,0.0,6heFzHvXXj8
219,-1.0,0.083,0.9,0.018,6iuAx37zEpY
220,0.9995,0.028,0.921,0.052,6jnEWA78KMs
221,0.9944,0.053,0.837,0.11,6ogH-sMTfRg
222,0.9874,0.036,0.899,0.065,6oihqyVvZ6Y
223,0.9999,0.028,0.821,0.15,6pMNHrnUFmQ
224,1.0,0.093,0.63,0.277,6tiD1za8jGw
225,-0.9981,0.058,0.902,0.039,6yT26_MPDS0
226,0.9254,0.019,0.962,0.019,6zg_1iG3HSA
227,-0.7527,0.02,0.965,0.014,72gDtrKWll0
228,0.9396,0.008,0.967,0.026,7504zQJJZAg
229,0.9965,0.028,0.937,0.035,76925U_yKLw
230,0.0,0.0,1.0,0.0,7A9iQ89wHAY
231,0.9624,0.016,0.958,0.026,7BnGzoUyK5E
232,0.6004,0.035,0.936,0.029,7F2Ed55FSro
233,0.7525,0.006,0.972,0.022,7Gn31r01We8
234,-0.9865,0.036,0.958,0.006,7Sd52OOMxVk
235,0.8963,0.015,0.961,0.024,7TV1ygGKTXA
236,0.6628,0.0,0.975,0.025,7U7F6xM9ja4
237,0.9997,0.026,0.918,0.057,7UB6mzkcYWs
238,-0.9998,0.119,0.828,0.053,7UkwNfTP4as
239,0.9997,0.015,0.938,0.046,7Wx-7TzGFI8
240,-0.9986,0.085,0.879,0.036,7X1Pok9VW1E
241,-0.9644,0.02,0.972,0.008,7Yzcmrkdzh8
242,-0.9914,0.074,0.914,0.012,7ZHC4F_b8is
243,0.9998,0.057,0.73,0.213,7beZU4Tj9fo
244,1.0,0.072,0.826,0.102,7c1FO8FT__U
245,0.9536,0.005,0.971,0.024,7cL2mMjqR8o
246,1.0,0.101,0.746,0.154,7fE5ljMUsAw
247,1.0,0.049,0.779,0.172,7hKTaDncNic
248,0.8453,0.0,0.998,0.002,7jAqeaXtIMw
249,-0.9996,0.1,0.89,0.01,7md20ogAHTI
250,0.8453,0.0,0.991,0.009,7nQZHyCFleQ
251,-0.987,0.088,0.882,0.03,7nuinKzCH8E
252,0.0,0.0,1.0,0.0,7pyttUjvGP0
253,0.994,0.004,0.943,0.053,7uD7sEY9-x4
254,0.9632,0.025,0.939,0.036,8482MAoEdyM
255,0.9987,0.012,0.827,0.16,88sdqOX4OI8
256,-0.997,0.068,0.906,0.026,89CY_9xsy50
257,-0.9898,0.031,0.954,0.015,89NF5COf1GU
258,-0.9818,0.105,0.817,0.079,8DJ_2qWrqs4
259,0.9997,0.06,0.714,0.226,8DdLKWwsvWw
260,0.9823,0.02,0.942,0.038,8DyweYGHMEk
261,0.9867,0.002,0.953,0.044,8ExSEdnVoBg
262,0.9998,0.042,0.683,0.275,8HwMdRaZI-g
263,0.9291,0.032,0.925,0.042,8JowvzS3CjE
264,0.0,0.0,1.0,0.0,8LM1Zk4kxG8
265,-0.9961,0.059,0.934,0.008,8O39_gmswE0
266,0.9994,0.014,0.866,0.12,8X3WhmX8mmk
267,1.0,0.074,0.761,0.165,8XkcbdSRdO0
268,0.9649,0.017,0.959,0.024,8Z-wA32NYSo
269,-0.9993,0.157,0.744,0.099,8dnCqf5e-Zw
270,0.988,0.014,0.929,0.057,8gHpAVxD-Io
271,0.6836,0.021,0.961,0.018,8jssbjZOTw0
272,-0.5466,0.002,0.998,0.0,8mYGBYP9rMQ
273,0.6836,0.0,0.994,0.006,8si2lvrfQUE
274,-0.9996,0.033,0.951,0.017,8tyzkyzkAi0
275,0.7527,0.009,0.968,0.023,8xZzh6-YD2s
276,0.9987,0.021,0.885,0.095,8yEZ1v9LzL8
277,0.9862,0.022,0.928,0.05,8yGxbJ3D61k
278,-0.9468,0.036,0.949,0.015,8zgtumHt3js
279,0.9982,0.013,0.904,0.083,8zyKt63DDQM
280,0.7482,0.0,0.994,0.006,91j04vt-WJM
281,0.8553,0.036,0.927,0.037,94io2X_HAtY
282,1.0,0.07,0.703,0.226,98MWcF_Ucs0
283,1.0,0.05,0.803,0.147,9BPQpOfbiRg
284,1.0,0.029,0.66,0.311,9CCACd2q4IY
285,-0.7293,0.009,0.991,0.0,9Cewh9DbX4A
286,1.0,0.022,0.81,0.168,9Czl7WghNJA
287,0.9532,0.017,0.936,0.047,9Ech47qPdHw
288,-0.9706,0.033,0.96,0.007,9H62SMCCYDs
289,-0.9439,0.171,0.687,0.142,9JnJpeBcz9M
290,-0.9989,0.116,0.873,0.012,9KbQw4wAOeg
291,-0.9789,0.033,0.952,0.014,9LD5jeNPJhs
292,0.9332,0.033,0.92,0.047,9LckWII7BD4
293,0.9684,0.008,0.951,0.041,9P_mro6oaD8
294,0.9887,0.018,0.931,0.051,9Qxkd6Rh40g
295,0.4885,0.019,0.944,0.037,9RMUVVEZVtQ
296,0.875,0.006,0.962,0.032,9SP7IuH81jY
297,1.0,0.043,0.764,0.194,9SwJ0Xo3Xls
298,1.0,0.049,0.799,0.153,9WtWSKAFMCQ
299,0.9998,0.029,0.817,0.154,9Z0z-2iK9j8
300,-0.9918,0.15,0.728,0.122,9afhwb6rIZw
301,0.9987,0.092,0.705,0.203,9iH_plNzWdE
302,-0.9984,0.117,0.852,0.03,9lqkDkxIbPw
303,0.982,0.024,0.917,0.059,9rm-bdnW4hE
304,-0.999,0.098,0.868,0.034,9s-AswxWh7A
305,0.9908,0.023,0.925,0.052,9vAbTuIDDh4
306,-0.9852,0.036,0.941,0.023,9wDOsSOppQI
307,0.9228,0.008,0.968,0.023,9xHIm9z9tEg
308,0.5205,0.023,0.958,0.02,9zYq850Oc1U
309,-1.0,0.153,0.712,0.136,A-_tj5sSKkc
310,0.9994,0.074,0.762,0.165,A2gnwh7qYCk
311,-0.9996,0.059,0.916,0.025,A3aolZrJF0Y
312,0.9939,0.014,0.907,0.079,A3usDrlnQQc
313,1.0,0.053,0.743,0.204,A4LD3LzHZjM
314,0.0,0.0,1.0,0.0,A69i9nEonUA
315,0.7293,0.0,0.993,0.007,A79C9asiewE
316,0.9974,0.021,0.868,0.111,AAvGwHpKiw0
317,0.9465,0.0,0.974,0.026,ABfc4Ko560I
318,0.9928,0.04,0.891,0.069,ABsABLDKLVQ
319,1.0,0.053,0.731,0.216,ABuG8hZqynI
320,-0.9939,0.088,0.84,0.072,AKB1dyXsTGM
321,0.9988,0.057,0.845,0.097,AKDal51f5LU
322,-0.9972,0.076,0.897,0.028,AQ-s2Uo3U_0
323,-0.9993,0.108,0.874,0.018,ATh30tUkpFM
324,0.0,0.0,1.0,0.0,AU76htKk3xg
325,0.5673,0.0,0.973,0.027,AZe4ysz1VR4
326,-0.9354,0.024,0.961,0.016,A_Jk9oNHZrc
327,0.0,0.0,1.0,0.0,Ac8cf-qWz8w
328,0.9987,0.059,0.831,0.11,AdPNAE0u40A
329,0.9676,0.027,0.904,0.069,Ae6CTQNKc14
330,1.0,0.039,0.805,0.156,AjMsxrbjn7M
331,0.9985,0.011,0.926,0.063,AjheC7hfc0o
332,0.0,0.0,1.0,0.0,ApoBycomPpg
333,0.9999,0.067,0.638,0.295,Ar5q5Y6vVPs
334,0.9798,0.0,0.863,0.137,AsSOX4Peu60
335,0.7121,0.0,0.997,0.003,AtFP4Py7yf0
336,0.0,0.0,1.0,0.0,AuCkNOiHoW8
337,-0.9989,0.07,0.906,0.025,AvrBFfWGrCk
338,-0.8388,0.004,0.996,0.0,B0Cm3bgwwvc
339,0.9976,0.1,0.744,0.156,B1vfdjTdUJM
340,-0.6935,0.003,0.997,0.0,B5hoKypkaHQ
341,0.9984,0.0,0.828,0.172,B8sMkjIJeTM
342,0.453,0.0,0.981,0.019,BBkMzlqpEoo
343,-0.9981,0.06,0.92,0.02,BDQPpa2IOaM
344,0.9014,0.024,0.942,0.034,BDeFFHszSaU
345,0.9991,0.039,0.872,0.089,BE20uv5rqN8
346,0.0,0.0,1.0,0.0,BF5DykrGMJY
347,0.9105,0.0,0.998,0.002,BF6Ln85YOMU
348,0.972,0.038,0.907,0.055,BH6bcVI68yA
349,-0.706,0.019,0.959,0.022,BJOvrdNkbtU
350,-0.9984,0.079,0.881,0.04,BNCTW5Pyqec
351,0.9908,0.002,0.945,0.053,BNms0yNsbOs
352,0.0,0.0,1.0,0.0,BPFxO3X1S0s
353,-0.9978,0.087,0.893,0.02,BPypXrUjqSU
354,0.9127,0.003,0.975,0.022,BQQPkvUpo7c
355,0.9826,0.02,0.906,0.073,BSNKfVogp54
356,-0.998,0.043,0.927,0.03,BTVb4PB9Ww0
357,0.9997,0.06,0.776,0.164,BU79EyMjIrU
358,0.9549,0.0,0.967,0.033,BVKzk46fO1Y
359,1.0,0.062,0.816,0.123,Ban8Aoj1NuU
360,0.982,0.01,0.931,0.059,BduzAgMOXms
361,-0.9959,0.086,0.871,0.043,BfIBDded_JQ
362,0.0,0.0,1.0,0.0,Bg5sGvUoCHw
363,0.9996,0.014,0.737,0.25,BgGa8mmf_Uk
364,0.9684,0.01,0.957,0.034,BgN1XOrxgK4
365,0.9994,0.009,0.946,0.045,BjZlPMH5HiA
366,0.9994,0.032,0.814,0.154,BkxeOMX-Wms
367,0.9876,0.019,0.915,0.066,BsZSuCeD8Wo
368,-0.9769,0.098,0.812,0.09,BtR4mH3ZvcM
369,0.9999,0.002,0.881,0.117,Bu412i99H9A
370,0.9996,0.102,0.748,0.15,BuAURiD4Wmw
371,-0.7156,0.005,0.993,0.002,BvgUS87z8wQ
372,0.0,0.0,1.0,0.0,C-78P1SfVVY
373,-0.844,0.055,0.899,0.046,C1qt5nbH0SM
374,0.9995,0.015,0.864,0.121,C2QMwtmiq5c
375,0.9967,0.022,0.903,0.074,C2X1KnvYhNw
376,0.0,0.0,1.0,0.0,C7Gidc4eiio
377,0.0,0.0,1.0,0.0,C8Xi0IVOGJs
378,0.0,0.0,1.0,0.0,CA2vJ5l8qow
379,0.0,0.0,1.0,0.0,CBo4LeQrFXs
380,0.9892,0.019,0.908,0.073,CCHQFi9Mjz4
381,0.9542,0.02,0.948,0.032,CCqxzgzrdCE
382,0.9986,0.052,0.744,0.204,CD5JqPyIuj8
383,1.0,0.095,0.715,0.191,CEAK9Ewo-8E
384,0.9961,0.017,0.884,0.099,CHtSqQw6iOg
385,-0.9998,0.125,0.869,0.006,CI0Rb-Yha1Y
386,0.998,0.005,0.883,0.112,CIDSDbcrBOQ
387,-0.9902,0.043,0.946,0.011,CIDzQ7damyo
388,0.0,0.0,1.0,0.0,CKaYjjT2mHM
389,-0.9973,0.087,0.897,0.015,CLc1VhAT3QA
390,0.8565,0.0,0.992,0.008,CLe0gVBt8co
391,0.9773,0.054,0.873,0.072,CPb5dvWwxNw
392,1.0,0.059,0.721,0.22,CPfQAY7pzrs
393,0.9952,0.0,0.942,0.058,CQ60e9Ui-G0
394,-0.8601,0.031,0.947,0.022,CQqZUiSyx3E
395,-0.8206,0.026,0.959,0.014,CQx53asH8q4
396,-0.5273,0.017,0.967,0.016,CRD9j-q5bHE
397,0.0,0.0,1.0,0.0,C_PUj10Q2Lw
398,0.0,0.0,1.0,0.0,CeTO6RHwzvE
399,0.0,0.0,1.0,0.0,CjTJjSUskrs
400,0.9811,0.0,0.968,0.032,CkdkYee5vZc
401,-0.9996,0.094,0.887,0.019,Cl9jdCDtzjk
402,-0.9841,0.045,0.939,0.016,Cnv9WXGlSmk
403,0.9999,0.094,0.755,0.151,CqWuqm51aUs
404,1.0,0.058,0.663,0.279,CvErNgwwciY
405,0.9967,0.015,0.857,0.129,D0OU_kPIUpo
406,0.0,0.0,1.0,0.0,D1LDMWUIC40
407,0.0,0.0,1.0,0.0,D1LILHuw2lU
408,-0.9998,0.059,0.906,0.035,D1mF-MTcCHc
409,0.0,0.0,1.0,0.0,D3w_CRe6VC4
410,0.9438,0.0,0.963,0.037,D517Du-ToHE
411,0.7179,0.029,0.946,0.025,D5BhAXefh3c
412,-0.9618,0.048,0.932,0.02,D6LkRCWlH7U
413,0.9994,0.015,0.934,0.051,D7e04Lirnrc
414,0.0,0.0,1.0,0.0,DEPYJpJ0f-M
415,0.991,0.005,0.949,0.046,DIupXi4NggU
416,1.0,0.036,0.61,0.355,DLdyWMaia8Q
417,0.9848,0.021,0.92,0.059,DM5_FxwY_Uw
418,0.9861,0.009,0.95,0.041,DMpcjzAjGKw
419,-1.0,0.108,0.873,0.019,DMrFMuUcM4o
420,0.9961,0.021,0.912,0.067,DQdevcl8Cl0
421,-0.5152,0.022,0.961,0.018,DS0f9ps0JuA
422,0.0,0.0,1.0,0.0,DXBshIuVV5I
423,-0.7576,0.021,0.965,0.015,D_DthHTYlt0
424,0.9991,0.029,0.695,0.276,D_HceWNTuoE
425,-0.9471,0.021,0.966,0.013,D_gjAVRhoYo
426,-0.6074,0.038,0.918,0.043,DcaPFeCUM6M
427,0.8823,0.033,0.929,0.039,DeLFqEAuEDc
428,0.9938,0.0,0.974,0.026,Dk5fc9g6fwc
429,-0.9973,0.05,0.937,0.013,DmBh279Z6MA
430,0.9521,0.026,0.934,0.04,DntP9z3T14o
431,0.6768,0.014,0.966,0.019,DpO0AiWugyE
432,0.9999,0.068,0.812,0.12,DqCNuTOrAwY
433,0.9762,0.04,0.896,0.063,DqhmGK07r0o
434,-0.9994,0.083,0.898,0.019,DtQLFtLhOfg
435,0.9854,0.019,0.953,0.028,DuYRwf93Umo
436,0.9159,0.005,0.967,0.028,DwdP6BszZVE
437,0.9984,0.009,0.947,0.045,DwfCVBrWs6o
438,-0.9965,0.119,0.799,0.082,Dx37PoHH37c
439,0.977,0.0,0.972,0.028,E1ux6mPDOdw
440,0.0,0.0,1.0,0.0,E5EsBFPXW2o
441,-0.9932,0.058,0.922,0.02,EBIW4WEm8YQ
442,0.9961,0.0,0.948,0.052,ED-0LZS0rzY
443,0.7862,0.0,0.995,0.005,EDxaZSjYgtg
444,0.9939,0.01,0.93,0.06,EGE3L3u_MLE
445,0.9996,0.0,0.797,0.203,EKZdpMv1z7o
446,-0.9991,0.128,0.856,0.016,EKd39YS335g
447,1.0,0.089,0.735,0.175,ELZapVcPF5E
448,0.9998,0.065,0.703,0.232,EOQP6Q8dRb0
449,1.0,0.059,0.683,0.258,EOuEx5uZkuU
450,0.9949,0.02,0.867,0.113,EPnEP9DUG0g
451,0.9999,0.008,0.889,0.103,EQHp7qQuXRc
452,0.9955,0.007,0.942,0.051,EQis7DvmTvE
453,-0.5942,0.022,0.96,0.018,ET064AVH7u8
454,0.6713,0.004,0.986,0.01,EZlKJFNl3cE
455,0.9904,0.007,0.948,0.045,EbJPmdeXW0w
456,0.9975,0.004,0.929,0.067,EgF7MBXd1hI
457,0.0,0.0,1.0,0.0,EiuI2NJbEq8
458,0.4404,0.0,0.97,0.03,Ej0VEX3q8QY
459,0.999,0.013,0.895,0.092,Ej2wbJLaCvI
460,0.0,0.0,1.0,0.0,EjO7sNfk37g
461,0.9946,0.021,0.924,0.055,Ejn0xpzWtdQ
462,0.6734,0.004,0.988,0.008,Ek2HlZ-Fwog
463,0.9992,0.026,0.831,0.143,Enf407Wqs10
464,0.9623,0.014,0.96,0.026,EoI3fP8a7XY
465,-0.9999,0.079,0.91,0.011,EwF3h5x1x1I
466,-0.7551,0.021,0.979,0.0,ExifX7NT72s
467,0.9378,0.007,0.982,0.011,F2CJROhhU9Y
468,0.989,0.004,0.941,0.055,F2MrmVFX-iY
469,0.0,0.0,1.0,0.0,F49VpAnVa4c
470,0.9565,0.026,0.932,0.042,F6iH4rzlY08
471,0.9999,0.067,0.725,0.207,FKgD3yFixUs
472,0.9999,0.008,0.82,0.172,FN2XDrAC3XM
473,0.0,0.0,1.0,0.0,FN3aEwXaPHU
474,1.0,0.063,0.731,0.206,FQib8LJYPBk
475,-0.894,0.014,0.982,0.003,FSidYcvaNxg
476,0.0,0.0,1.0,0.0,FUfHRCdQmRA
477,0.9786,0.035,0.912,0.053,FV3xi7xldNg
478,-0.9579,0.027,0.949,0.024,FZjICq78KNI
479,-0.9926,0.034,0.957,0.009,FbUqfc6Xzbw
480,0.0,0.0,1.0,0.0,FdSWvZBPNqk
481,0.9304,0.039,0.915,0.046,Fe7kcXn2ydY
482,0.9932,0.005,0.987,0.009,FgPXG0kBJwA
483,0.8002,0.0,0.995,0.005,Fhi1fPgiI-c
484,0.7998,0.0,0.997,0.003,FjmMJvuUlwY
485,0.9996,0.006,0.807,0.187,Fl2aLa3BUVY
486,-0.9273,0.02,0.972,0.009,FmrU_uq2Md0
487,0.0,0.0,1.0,0.0,FqU491ErjXk
488,0.9982,0.037,0.927,0.036,FrpAMZIGM2w
489,0.8863,0.08,0.829,0.091,Fsxkf42m1VI
490,0.9033,0.002,0.983,0.015,FugilewB5S0
491,0.9821,0.034,0.886,0.08,Fxaw_h-VGAg
492,0.9862,0.0,0.96,0.04,FxnFsNyKEaA
493,0.9992,0.005,0.869,0.126,G-Dpt7_XVBU
494,0.9849,0.0,0.965,0.035,G-SY594_U_E
495,-0.9939,0.079,0.885,0.036,G-vw9sXyJu8
496,-0.8366,0.008,0.985,0.007,G2q37K9E1Og
497,0.9852,0.006,0.936,0.059,G5FYJs6f64U
498,-0.9709,0.045,0.931,0.024,GAFsqFhHA2Y
499,0.992,0.006,0.953,0.041,GCsceqLHd-8
500,0.9982,0.0,0.928,0.072,GDNAzQGzqZc
501,0.9945,0.012,0.91,0.078,GG4OZhypZW8
502,0.8674,0.021,0.954,0.025,GHPBLsGZkpE
503,0.9482,0.016,0.956,0.027,GJ8VBKwsMGo
504,-0.9575,0.037,0.933,0.029,GJxyBZvAGRc
505,0.9444,0.006,0.956,0.038,GKH--cmcnP8
506,0.9793,0.011,0.953,0.036,GKgvAuTDBmg
507,0.0,0.0,1.0,0.0,GL3mkHb0X20
508,0.6283,0.015,0.952,0.033,GLreYRqgyC8
509,0.9488,0.0,0.978,0.022,GOVGUiimPyA
510,1.0,0.037,0.672,0.29,GSTyIwVqO6Q
511,0.6836,0.0,0.996,0.004,GWUW7YBJaMQ
512,0.9997,0.091,0.792,0.117,GX79IILLDlE
513,0.8875,0.023,0.945,0.032,GYDhepHfI9Q
514,0.9999,0.022,0.682,0.297,GZVG3QB-2pU
515,0.9192,0.0,0.786,0.214,GZiUko0owz4
516,0.0,0.0,1.0,0.0,G_5MJ6TfPCI
517,1.0,0.093,0.722,0.186,GaIW5CQQ3Zo
518,0.0,0.0,1.0,0.0,GcLD6_b1uQA
519,0.9924,0.003,0.945,0.052,GkH29L4Z6Sg
520,0.9211,0.015,0.955,0.03,Gp-ZX0D9SyE
521,0.9685,0.012,0.967,0.021,GqwS5HQLb7M
522,0.9747,0.0,0.972,0.028,GrIcXTYf8pM
523,0.0,0.0,1.0,0.0,GtGfiB43wYY
524,-0.9979,0.067,0.926,0.008,GuW9pbOv6d8
525,0.0,0.0,1.0,0.0,GzFWMQM-3Q0
526,0.0,0.0,1.0,0.0,H1CAB81ayLQ
527,-0.999,0.116,0.871,0.013,H2-OjCvXrvA
528,0.9996,0.058,0.787,0.155,H6g4iPfhIKM
529,-0.9978,0.09,0.892,0.018,H8s_GslzCJA
530,0.987,0.067,0.816,0.117,HAz1QTVCIgY
531,-0.9976,0.071,0.913,0.016,HBMQXg6UBBA
532,0.0,0.0,1.0,0.0,HDN9lPz1544
533,0.9858,0.026,0.92,0.055,HDWr8K2t_1E
534,0.0,0.0,1.0,0.0,HHC_74dpADU
535,0.9853,0.02,0.91,0.07,HJL-_t2INLg
536,1.0,0.087,0.791,0.122,HLzz439tjw4
537,-0.8948,0.179,0.726,0.095,HPVX_TvWKjA
538,-0.9971,0.071,0.916,0.013,HR8Qsz9NqGs
539,0.9998,0.012,0.841,0.148,HShJwyvMReQ
540,0.9999,0.079,0.789,0.133,HVxuZyRXBm8
541,0.9255,0.019,0.951,0.03,HWOMYUZtGr8
542,-0.9984,0.097,0.895,0.008,HY7XE0tjLFg
543,0.9999,0.031,0.671,0.299,HdV2w2xQdHw
544,-0.9946,0.079,0.881,0.041,HdcLRlkcHiw
545,0.738,0.013,0.965,0.022,HeyzrPPQT9c
546,0.9985,0.004,0.806,0.19,Hfybrq-wYm0
547,1.0,0.041,0.742,0.218,HhjHYkPQ8F0
548,0.9402,0.0,0.983,0.017,HiIqMPwxc2s
549,0.5042,0.004,0.988,0.007,Hkuo8d91ukE
550,0.0,0.0,1.0,0.0,HqX812h9oaM
551,0.9409,0.008,0.941,0.051,HrOroCBaXL0
552,0.9547,0.009,0.971,0.02,Ht4TD0Ch7gA
553,0.9997,0.026,0.882,0.093,HtdUBg_njkg
554,0.6628,0.0,0.993,0.007,HtvRXtjbPco
555,0.9941,0.021,0.95,0.029,HvCVjS-WEm8
556,0.0,0.0,1.0,0.0,HzxnwC1OdcY
557,0.9997,0.017,0.921,0.062,I-NrHG3aDMI
558,-0.5216,0.001,0.999,0.0,I4qrcMs3Aho
559,-0.9706,0.014,0.986,0.0,I5ah5By4QWo
560,0.0,0.0,1.0,0.0,I7SZxoZlkxY
561,0.6713,0.006,0.977,0.017,IAqGKa5kF9g
562,0.9684,0.0,0.96,0.04,IG94Mc6eSpw
563,0.9951,0.006,0.876,0.118,IIB0QOB4sjU
564,0.9833,0.005,0.98,0.015,IIMws4nQW-8
565,0.9994,0.081,0.733,0.186,IIOY165lt8k
566,-0.993,0.042,0.922,0.036,INLwQ_Z0MUg
567,0.993,0.057,0.84,0.103,INqwwXYcAko
568,0.9909,0.0,0.989,0.011,IOS9F8WF0jw
569,0.9563,0.016,0.952,0.032,IOTMBvA0uwg
570,0.7506,0.0,0.88,0.12,IOo2dWm064Y
571,1.0,0.019,0.772,0.209,IVMquMDUQZY
572,0.9998,0.038,0.752,0.21,IVZsfc0TqJo
573,0.9554,0.017,0.953,0.03,IW2lPzDVbQs
574,0.9849,0.003,0.976,0.021,IYHB2cpj_5U
575,0.9384,0.003,0.983,0.014,Il1YU1v44-A
576,0.0,0.0,1.0,0.0,Io53bsNR55I
577,-0.8917,0.022,0.966,0.012,IpAUeZ4Kt9g
578,0.9485,0.004,0.988,0.007,IrzABKWrfyQ
579,0.9997,0.006,0.801,0.193,IsBasdYwA1A
580,0.7634,0.027,0.951,0.021,Ituq8iAOj30
581,0.9993,0.046,0.82,0.133,Ivk-fF5hJzA
582,0.9711,0.002,0.971,0.027,Iw39saG2ZGU
583,0.0,0.0,1.0,0.0,Iwb0Ktndiu0
584,0.0,0.0,1.0,0.0,IwnxtTmCJAY
585,0.9999,0.063,0.792,0.144,J-paPjl1zA0
586,0.8892,0.023,0.951,0.026,J-th9v4IASA
587,-0.9968,0.05,0.92,0.03,J47tpjCzfQo
588,0.9971,0.021,0.913,0.065,JADiZCNZv_4
589,0.9996,0.043,0.784,0.173,JBCIB-rlNyQ
590,-0.9599,0.051,0.911,0.038,JGOiy9oRQlI
591,0.999,0.007,0.902,0.091,JI3c4_dhDYE
592,0.9931,0.014,0.937,0.049,JKIje9RwTXw
593,0.9999,0.021,0.788,0.192,JLX6gos1_6k
594,0.9996,0.073,0.734,0.193,JNuROmStRu0
595,0.9785,0.021,0.941,0.038,JRp43x_aYIU
596,0.9915,0.06,0.845,0.095,JRyOYiGXSdU
597,0.0,0.0,1.0,0.0,JTqc4M4xi_I
598,1.0,0.072,0.726,0.201,JUmZ3NfiHDI
599,0.9957,0.009,0.934,0.057,JV_eLj6ABSk
600,0.9964,0.005,0.904,0.091,Jd0B914bTGw
601,0.9789,0.008,0.954,0.037,Jdj4GUqChk8
602,-0.8994,0.13,0.75,0.12,JdrT6MHkhoU
603,0.7669,0.021,0.952,0.027,JeR10rgrKxE
604,0.999,0.02,0.942,0.038,JekUB5ARGu0
605,0.9999,0.038,0.686,0.276,JfAcAIxFKKo
606,0.8238,0.0,0.987,0.013,JhBW3rVHlf4
607,0.9978,0.013,0.898,0.089,JipnO8HCGj4
608,0.0,0.0,1.0,0.0,JjGEBCTmg2g
609,0.9932,0.062,0.831,0.107,JkrbBg5tkVU
610,0.9882,0.025,0.926,0.049,JlDqgU2AoRU
611,0.934,0.0,0.998,0.002,JmS1u0B74Ck
612,-0.7121,0.005,0.994,0.001,JnDd6VUiMLQ
613,0.7293,0.0,0.995,0.005,JntRDFFdWmg
614,0.9997,0.044,0.714,0.242,Jq1_ojQdDI8
615,0.8932,0.0,0.97,0.03,JqcciDF5W4M
616,0.9688,0.003,0.989,0.008,JreH9ISczag
617,0.9827,0.0,0.921,0.079,JseB-BGObHk
618,-1.0,0.055,0.93,0.016,Jt0kSvJewaQ
619,0.8875,0.0,0.987,0.013,Jtl0EMlX1cs
620,0.9727,0.055,0.861,0.084,JtzbLvoGAuo
621,-0.9998,0.076,0.894,0.03,JvSdLL98SXQ
622,0.9992,0.076,0.733,0.192,JxHppOnkWr4
623,0.9985,0.004,0.861,0.135,K-74XvQ1LEg
624,-0.9924,0.086,0.909,0.005,K0Z5MtC3ezo
625,-0.9998,0.051,0.922,0.026,K1v5Pe_prOY
626,0.9999,0.042,0.868,0.09,K2i-fPWWy4A
627,0.946,0.01,0.974,0.017,K3XYwP7nsIE
628,-0.9657,0.083,0.848,0.069,K3sC2L3XNAk
629,0.8843,0.0,0.939,0.061,K7LMtBm4wVU
630,-0.9999,0.102,0.887,0.011,K7l1aXAqApQ
631,0.9985,0.102,0.736,0.161,KAcfESIO8w4
632,0.9977,0.014,0.931,0.055,KEhY4Jod_P0
633,1.0,0.067,0.625,0.308,KI15gVTHfPw
634,0.97,0.0,0.975,0.025,KI5Q01LMmLU
635,-0.6052,0.012,0.988,0.0,KIbiuzNiCME
636,0.7374,0.0,0.994,0.006,KIyScG1EHCw
637,0.8529,0.0,0.989,0.011,KMPYph03QGI
638,-0.9887,0.039,0.949,0.011,KN_ZRC_ESmE
639,0.0,0.0,1.0,0.0,KNsZxeDeBok
640,0.9898,0.004,0.927,0.069,KPXbyvIVDPs
641,0.5615,0.011,0.98,0.009,KS_-ETh51MA
642,-0.9809,0.044,0.943,0.013,KSsin1xrQeg
643,0.0,0.0,1.0,0.0,KWJ0p6dJ34I
644,0.5837,0.007,0.984,0.009,K_gnAb9p7mk
645,-0.9927,0.046,0.946,0.007,KbiwzSwFgqk
646,0.9995,0.013,0.917,0.07,Ket6tcqX8YU
647,1.0,0.056,0.74,0.204,KgvZnxNAThM
648,-0.9195,0.028,0.961,0.011,KkBWUxBIhPg
649,-0.814,0.011,0.986,0.003,KmEcHWemyTw
650,0.9868,0.01,0.946,0.044,Kmpr9bKwLqg
651,-0.5478,0.069,0.89,0.041,KnueaA1aPss
652,-0.9986,0.061,0.928,0.012,Krcr3_oNcts
653,0.7488,0.0,0.993,0.007,L1e-sxUYFT4
654,-0.8892,0.022,0.959,0.019,L3XnKr0lvDw
655,-0.9729,0.059,0.916,0.025,L4HTmPjlBpU
656,0.9453,0.013,0.968,0.02,L4WcEv10Sco
657,0.0,0.0,1.0,0.0,LAU5_DUMwLA
658,0.9996,0.064,0.729,0.207,LBjGD5VGVg0
659,0.0,0.0,1.0,0.0,LK5QBU13uS0
660,0.9842,0.044,0.897,0.059,LKZYTdIS8Lc
661,-0.9991,0.064,0.907,0.029,LMgj6BnoxXE
662,0.9872,0.003,0.955,0.042,LN2Jf_yanzM
663,0.0,0.0,1.0,0.0,LOoGM3Vl2MQ
664,0.9438,0.047,0.891,0.062,LSMedPEEx2U
665,-0.9979,0.093,0.839,0.067,LYUCOfUagtU
666,0.9984,0.014,0.924,0.062,LZ8BqOIGRwo
667,0.9216,0.0,0.994,0.006,LZVuL-B8xW0
668,1.0,0.031,0.729,0.24,L_1htTC1Jmc
669,0.8924,0.005,0.972,0.022,L_VDW97KvRo
670,1.0,0.056,0.816,0.127,LdOM0x0XDMo
671,0.9993,0.08,0.77,0.15,Lh1Tz3zwhFU
672,0.0,0.0,1.0,0.0,Lin3joRaNdg
673,-0.6154,0.047,0.907,0.046,LjhBo2bHVTk
674,0.9972,0.009,0.941,0.05,LpeLLMnmXUQ
675,0.6943,0.004,0.985,0.011,LrIevOUyQc0
676,-0.9694,0.059,0.905,0.035,LtkXvBE2KKg
677,0.9821,0.0,0.964,0.036,LyyThQHqVf4
678,0.9988,0.035,0.923,0.042,M04d70HCBo8
679,0.9802,0.035,0.917,0.048,M2Zeqr-4tjs
680,-0.9273,0.051,0.915,0.034,M87WQKTXXB4
681,-0.9509,0.029,0.957,0.014,M9Kt5sfgQTE
682,-0.8314,0.021,0.967,0.012,MBSirsEKEkk
683,0.9999,0.007,0.821,0.171,MBY1327I7fU
684,-0.8867,0.033,0.947,0.02,MC31YSCFrsI
685,0.8667,0.009,0.976,0.014,MIKjZmyniLM
686,-0.9105,0.023,0.967,0.01,MLwwXbAgMYw
687,0.9995,0.081,0.745,0.174,MMjkWlXx2Gw
688,0.0,0.0,1.0,0.0,MN3-ds6f-Ls
689,0.9903,0.019,0.938,0.043,MNM-2_ZTDJ4
690,-0.7647,0.041,0.927,0.032,MQ5SXqF0AKY
691,-0.997,0.065,0.904,0.031,MR9RLEVhch4
692,0.8453,0.0,0.997,0.003,MSNKqGu4OQw
693,0.8372,0.016,0.953,0.031,MT05bfg0_NM
694,0.9915,0.0,0.975,0.025,MV_7X5z4GIE
695,0.9299,0.039,0.906,0.055,MVkwzglk5wA
696,0.9855,0.025,0.932,0.043,MZyKgRnzwrk
697,-0.9981,0.069,0.918,0.013,MaCPmfQSDNQ
698,1.0,0.021,0.746,0.233,Mal63CDyJPM
699,0.914,0.0,0.895,0.105,McoUkaG1VIA
700,0.9977,0.007,0.955,0.039,MehY99byZQE
701,0.0,0.0,1.0,0.0,Mex7PquB11s
702,0.9846,0.039,0.879,0.082,Mg72v68Y2so
703,0.0,0.0,1.0,0.0,MiJ2JbqlzHk
704,0.0,0.0,1.0,0.0,MiUoKxyWePo
705,-0.9985,0.099,0.881,0.02,MlO4usJPwjk
706,0.9998,0.023,0.858,0.12,MvDe9fKyK14
707,0.9971,0.08,0.782,0.138,MweeJVDG0aE
708,-0.9993,0.074,0.916,0.01,N1Ykznkbh8I
709,0.0,0.0,1.0,0.0,N1eK4uQo0L0
710,0.9999,0.094,0.791,0.115,N20bMsFqv0o
711,-0.9864,0.04,0.948,0.012,N21sKURNEzM
712,-0.9919,0.024,0.976,0.0,N3549Cb28yo
713,0.9671,0.009,0.958,0.033,N5Vx1XagUnI
714,0.991,0.021,0.907,0.072,N5vaHN_ghlg
715,0.7736,0.003,0.986,0.01,N97robIFV7o
716,0.8328,0.03,0.933,0.037,NEgdV95Q_8k
717,-0.9881,0.06,0.915,0.025,NHEf7Z8rPX8
718,0.9999,0.067,0.723,0.21,NHcOT2cWMJ8
719,0.9978,0.023,0.884,0.092,NJXWimh6D_I
720,-0.5119,0.031,0.969,0.0,NNzMq8K56l0
721,0.9948,0.023,0.899,0.078,NOYTkHatEoo
722,-0.9961,0.137,0.729,0.134,NOjrt1mrD8Q
723,0.9503,0.004,0.963,0.033,NPEiGOFv69I
724,0.9932,0.0,0.992,0.008,NQiJAFG3OVc
725,0.9748,0.0,0.947,0.053,NQxsj8ls7LI
726,0.885,0.028,0.935,0.037,NTawyVBJgHk
727,-0.9984,0.123,0.856,0.022,NXK0Nk40f4w
728,-0.9973,0.085,0.894,0.021,NaTXN12tYSU
729,0.9968,0.031,0.934,0.034,Nd1t5n49S7M
730,-0.9999,0.067,0.915,0.018,NgPjfDUSO7E
731,0.7452,0.0,0.994,0.006,NjwJR5PQNiI
732,0.9478,0.017,0.95,0.033,NlCtJd6aSMA
733,0.9867,0.018,0.956,0.026,NlXU0kQ1_3w
734,0.9975,0.012,0.917,0.071,NrfbOMh0swY
735,-0.9971,0.082,0.885,0.033,Nt5F_0WXgt0
736,0.981,0.042,0.884,0.074,Nx8vi32W6GE
737,-0.8074,0.002,0.998,0.0,NzER6kIjtvM
738,0.0,0.0,1.0,0.0,O-5XAtPxEuw
739,0.0,0.0,1.0,0.0,O04bpm3uW7Q
740,0.9682,0.002,0.977,0.021,O3atUjqDA8g
741,0.9991,0.036,0.799,0.165,O5EUvK7akZs
742,0.0,0.0,1.0,0.0,OAOUQO5iWeE
743,0.9282,0.002,0.978,0.02,OFOwX5BqV00
744,0.9999,0.03,0.813,0.157,OJe-A4exRoU
745,0.9997,0.025,0.918,0.058,OKZwoeV1lrs
746,0.9344,0.02,0.955,0.024,OLNkRF-_XaA
747,-0.9983,0.113,0.854,0.032,OLc_D9CLtYc
748,0.9945,0.0,0.888,0.112,OMFu3NBiMj4
749,-0.998,0.064,0.92,0.016,OMmhYMFnSJY
750,-0.9998,0.077,0.9,0.023,OQNr_OI6TqE
751,-0.8634,0.012,0.98,0.008,OR7Jbtb01UM
752,-0.6794,0.012,0.974,0.014,ORoJODPAjR8
753,-0.6768,0.038,0.931,0.03,OTNzZiOApCs
754,0.0,0.0,1.0,0.0,OXJgMo1g2MY
755,0.0,0.0,1.0,0.0,OYG3lLGnKC8
756,-0.9995,0.054,0.913,0.033,OZOpfzN4sGs
757,0.9704,0.003,0.972,0.025,Oa9geXDe4no
758,0.7067,0.023,0.922,0.055,OaK1x7Vl5G8
759,1.0,0.115,0.705,0.18,Oad8BY3OWwc
760,-0.9994,0.081,0.908,0.011,OotdOGrIzRI
761,1.0,0.07,0.74,0.19,Oqd84F6R33g
762,-0.9946,0.037,0.952,0.011,OrRuYupJv1s
763,-0.9634,0.035,0.948,0.017,OveDbldqJds
764,0.9972,0.002,0.924,0.074,P0d8ff5iNuc
765,0.0,0.0,1.0,0.0,P0mDMugZKik
766,0.9999,0.076,0.737,0.187,P3TFjAYeSsw
767,0.9655,0.006,0.968,0.026,P96Q6wnHO28
768,0.6663,0.016,0.97,0.014,PClUF3WPnRM
769,0.983,0.004,0.96,0.036,PMZJSZIcj5A
770,-0.9951,0.045,0.938,0.017,PNK8TmaRSQY
771,0.0,0.0,1.0,0.0,PO8RV3ZE-TE
772,0.9597,0.011,0.967,0.022,PSBBGXdATH0
773,0.0,0.0,1.0,0.0,PT6pNa3c8MQ
774,0.0,0.0,1.0,0.0,PVfn4XFzfCI
775,0.9099,0.013,0.961,0.026,Pa58DPinOCo
776,0.9995,0.056,0.779,0.165,PbKYAks6044
777,0.986,0.003,0.957,0.04,PeHzgb_MPJ8
778,0.9995,0.054,0.763,0.182,PfmFK96OpyQ
779,-0.934,0.035,0.951,0.014,Ph6VqVEaLE8
780,-0.87,0.003,0.997,0.0,PhDNvHtcI8g
781,-0.7061,0.022,0.964,0.014,PjejAbiulwM
782,1.0,0.067,0.715,0.218,PjsITicBB3M
783,0.8902,0.0,0.984,0.016,PkP8ocH7CRE
784,-0.6517,0.004,0.996,0.0,Pks9r4cXfJI
785,0.9826,0.026,0.912,0.062,PmSSy_YHpdA
786,0.9999,0.087,0.686,0.227,PnfoXCTKLws
787,-0.9969,0.084,0.901,0.015,PqCkQzXGNs8
788,-0.6645,0.006,0.994,0.0,PujhRV1EEsY
789,-0.4122,0.004,0.994,0.002,Pxk40s8yrfw
790,0.0,0.0,1.0,0.0,PyxcYzYXqs0
791,0.9998,0.092,0.763,0.145,Pz74Y6-m4M4
792,0.9938,0.006,0.953,0.041,Q4NsmkrzuM8
793,1.0,0.037,0.832,0.131,Q6-tYpWp0Ck
794,0.9173,0.0,0.972,0.028,Q7TyUTBjc0Q
795,1.0,0.063,0.691,0.245,QDP6tCC8zTo
796,0.8386,0.013,0.965,0.022,QDttVFIIbEg
797,0.0,0.0,1.0,0.0,QGQvgNC3VPY
798,0.5574,0.0,0.998,0.002,QHf11efb2DA
799,0.0,0.0,1.0,0.0,QJ3plCVFO50
800,0.9992,0.093,0.756,0.151,QMAq8F8N2Fg
801,0.9988,0.076,0.733,0.19,QOQdsewdGTs
802,0.9677,0.022,0.94,0.038,QS4h65-36dU
803,-0.9086,0.062,0.891,0.047,QSBnsNIc3Qg
804,0.0,0.0,1.0,0.0,QScLrZPgiZ8
805,0.9979,0.018,0.945,0.037,QVXmBQeHfRE
806,0.0,0.0,1.0,0.0,QWjqO6F1IVo
807,-0.9994,0.062,0.913,0.025,QY9zWlmSGhg
808,0.952,0.008,0.964,0.028,QYVbVLk8Geo
809,0.9997,0.077,0.72,0.204,QYjonePRKhA
810,-0.9989,0.054,0.925,0.021,Q_nOwBKqn9s
811,0.0,0.0,1.0,0.0,QeEZ1d_qImI
812,0.8254,0.021,0.952,0.027,QeRPKBa9ldI
813,-0.9994,0.061,0.927,0.011,Qoju6bP8Cmw
814,-0.9991,0.057,0.925,0.017,QpAdbTNFUsw
815,0.0,0.0,1.0,0.0,Qqbc018HRZ8
816,0.9987,0.0,0.938,0.062,Qr0XpJ3GQS4
817,0.9652,0.012,0.949,0.038,QsjHV9AM1lI
818,0.999,0.03,0.71,0.26,R3fD4CF8fMc
819,0.9999,0.051,0.806,0.144,R9nnKIfS9yY
820,0.9602,0.0,0.977,0.023,RAk_9JsHNP0
821,0.7147,0.0,0.988,0.012,RBFfd3C6vNs
822,0.9985,0.035,0.928,0.037,RC3DbdcsO6A
823,-0.9974,0.074,0.893,0.033,RC7fq4r92As
824,0.9996,0.002,0.869,0.129,RFIfywkmLQE
825,0.6412,0.0,0.995,0.005,RFjYS2Kvqs4
826,-0.9977,0.087,0.895,0.019,RGDK_RN-1i4
827,0.9994,0.012,0.857,0.131,RHT9szFTJRk
828,0.9605,0.0,0.995,0.005,RIACY3pReds
829,0.9175,0.002,0.985,0.013,RL8nQYpCYkY
830,0.981,0.0,0.982,0.018,RNHtPKwhju4
831,0.9934,0.01,0.937,0.052,RNg0E2-nHv4
832,0.9883,0.013,0.957,0.029,RPwnRCaL_2k
833,0.9997,0.037,0.769,0.194,RRv_IJSQweM
834,0.9964,0.007,0.915,0.077,RUvPtMUAXM0
835,0.8867,0.016,0.958,0.026,RV6tdh-SySw
836,0.0,0.0,1.0,0.0,RW-7j9f9d4U
837,0.9961,0.011,0.952,0.037,RYOcmJa6byc
838,0.9861,0.038,0.891,0.071,R_TIVDP-hp4
839,0.9839,0.005,0.958,0.038,Ra0FP7wh7r4
840,0.9987,0.035,0.873,0.092,RacxNskxySo
841,0.9863,0.025,0.936,0.039,Rfqrzt186iM
842,-0.7999,0.035,0.933,0.032,RjAKl60BlNU
843,1.0,0.133,0.695,0.172,RjPjdw8Dro4
844,0.9942,0.015,0.942,0.044,RjdIp-PYuLU
845,-1.0,0.108,0.875,0.018,Rjg9YGuKCuw
846,-0.6935,0.029,0.94,0.031,RmNtQ9X0DNg
847,0.9749,0.043,0.889,0.068,RnAtb6mvqM4
848,0.9896,0.006,0.949,0.045,RnS2ytrlZ0Y
849,0.9667,0.041,0.899,0.06,RsjyorIc9-U
850,-0.9886,0.028,0.962,0.011,RuERKS4DDL8
851,0.9991,0.098,0.765,0.138,RxAtuMu_ph4
852,0.9999,0.033,0.713,0.253,RxNlPJi4eaE
853,-0.967,0.062,0.886,0.051,RxRgW00I8ks
854,-0.9965,0.051,0.942,0.008,RxSpktsoXj4
855,0.8772,0.018,0.958,0.024,S03fKxedsbA
856,0.0,0.0,1.0,0.0,S0zOqDtXC9g
857,0.9892,0.0,0.946,0.054,S1--V7ST-3k
858,0.9174,0.0,0.993,0.007,S12xN5CoTkQ
859,0.9918,0.035,0.921,0.044,S4bqm6iSus0
860,0.9975,0.073,0.813,0.114,S79hAIZBRN0
861,0.9649,0.003,0.974,0.023,S8oEW-QX06M
862,0.6479,0.019,0.959,0.022,SBLUHB8sC4U
863,0.8089,0.007,0.98,0.013,SBNPg2gOZP8
864,0.9132,0.061,0.863,0.075,SD9ecSjB0DM
865,-0.9983,0.046,0.948,0.006,SFr6R9E1gD0
866,0.9998,0.071,0.685,0.244,SJvHeuCLJAs
867,-0.3919,0.019,0.981,0.0,SN3sX4PeRtc
868,0.9927,0.005,0.939,0.056,SQEIsL8cgBQ
869,0.9807,0.0,0.972,0.028,STKdtxS-AOY
870,0.9913,0.005,0.952,0.043,STiZ62a1u-U
871,0.8767,0.0,0.997,0.003,SUf7_f4_KYI
872,0.9916,0.014,0.925,0.061,S_Bzy7MuWvg
873,-0.9886,0.05,0.917,0.032,SaKuKnZFobc
874,0.9929,0.017,0.903,0.08,ScCHYXjEBXI
875,0.9998,0.041,0.774,0.184,ScsX5jTQgGg
876,-0.9988,0.038,0.949,0.013,Sd_2XNacll8
877,0.9867,0.005,0.923,0.072,Se4C0ZNcY7Y
878,0.0,0.0,1.0,0.0,Sf62sng53iw
879,0.0,0.0,1.0,0.0,SfXK2rFd2eo
880,0.0,0.0,1.0,0.0,SjLPCEwoAko
881,0.9593,0.013,0.968,0.019,Sm1-QC21BtM
882,0.0,0.0,1.0,0.0,SpP2a1sq4_4
883,0.9893,0.013,0.918,0.07,SvmEJkqUkNU
884,-0.9989,0.074,0.888,0.038,SxH7wJRc8No
885,0.9999,0.061,0.725,0.214,Szkx1B7CO1Q
886,0.0,0.0,1.0,0.0,T0A483j7-Tk
887,0.8137,0.006,0.975,0.019,T2YzUU58ViU
888,0.8209,0.014,0.948,0.038,T3rNxbSXpOU
889,0.9999,0.054,0.677,0.268,T4GaCu0uq3s
890,1.0,0.027,0.892,0.081,T6b87mU14-w
891,0.7922,0.0,0.996,0.004,T8FfsLYig48
892,-0.8805,0.033,0.945,0.022,T8wfW4jqq44
893,0.0,0.0,1.0,0.0,TCWmsCI1Smc
894,0.9932,0.01,0.919,0.071,TDYKKXS3Ru8
895,0.9995,0.002,0.879,0.119,TGN3TaV_7TE
896,0.9698,0.024,0.934,0.042,TGhe2gi5Iio
897,0.0,0.0,1.0,0.0,TISqQi2nzXQ
898,1.0,0.09,0.757,0.153,TNTKRj2lS1g
899,1.0,0.065,0.669,0.266,TQjqT17gO9A
900,0.5255,0.0,0.998,0.002,TVOdaVlTpr4
901,0.8875,0.032,0.934,0.034,TX9L5bIWkII
902,-0.7503,0.036,0.931,0.032,TYXFaE0IqqI
903,-0.9919,0.077,0.902,0.022,TZkfe8gwM64
904,-0.9885,0.041,0.943,0.015,T_L31vkFfp0
905,0.8343,0.005,0.985,0.01,T_XxiWyRoHA
906,-0.7669,0.01,0.986,0.004,TbfjHLG-leM
907,0.0,0.0,1.0,0.0,TdiWgOJEDsU
908,-0.9807,0.063,0.911,0.027,Te4WWGNJtAU
909,0.9993,0.103,0.705,0.192,TeFvlVooA44
910,0.995,0.038,0.826,0.136,Tft0TxmoY0Q
911,-0.4421,0.043,0.919,0.039,Tg7RjrW2ifY
912,0.9959,0.006,0.958,0.036,Tj05i2xLysU
913,0.9655,0.004,0.979,0.017,TlTiWu0lhf4
914,0.6159,0.0,0.996,0.004,ToZ-NOnRLB4
915,0.9881,0.003,0.961,0.036,TqSPB8Vkykg
916,0.9974,0.027,0.865,0.108,Tr2inDLDfcY
917,0.2603,0.02,0.952,0.028,TrYy5Ia88lc
918,0.9989,0.008,0.944,0.048,TtP9cTqHHY0
919,1.0,0.119,0.726,0.155,Tuk04k5YLwk
920,0.9943,0.0,0.841,0.159,TvbEdN1OXPU
921,0.994,0.016,0.941,0.042,TvhMP5loa18
922,0.9488,0.015,0.952,0.032,TxC2W5HF-9c
923,0.9993,0.072,0.738,0.19,U-y6EiTJ-94
924,-0.9971,0.078,0.9,0.023,U2_NGCwXZAI
925,0.9745,0.026,0.927,0.047,U2ijqp1H1oE
926,0.5435,0.006,0.982,0.012,U5Hi28S95pc
927,0.9905,0.021,0.939,0.04,U6SuqB6-OMo
928,-0.9974,0.088,0.892,0.02,U80qA-rgmXQ
929,-0.9948,0.075,0.898,0.027,U8C3q-0C-CE
930,0.471,0.0,0.994,0.006,UHicXOngoXs
931,1.0,0.075,0.702,0.224,UIG6y3YlXc4
932,0.9935,0.003,0.931,0.067,UK1jv1yP9f0
933,0.0,0.0,1.0,0.0,UMI_KAk0440
934,0.0,0.0,1.0,0.0,UODAotGLRXc
935,0.9996,0.051,0.836,0.113,UOwCT2fyCL8
936,0.9034,0.0,0.983,0.017,UR6vYXiUT0c
937,0.7887,0.072,0.672,0.256,UScJYeviG38
938,0.0,0.0,1.0,0.0,USuUKBaBTGo
939,0.9041,0.0,0.984,0.016,UUQo_kaim3M
940,0.0,0.0,1.0,0.0,UbR9XvY4FBk
941,1.0,0.039,0.642,0.319,UcIlk1tNWsE
942,0.0,0.0,1.0,0.0,Ue133_fk2kc
943,0.0,0.0,1.0,0.0,Uhe2C8wapIQ
944,0.7131,0.0,0.993,0.007,Uik_nvx6o5M
945,0.8257,0.0,0.997,0.003,UmGPRXrG-RA
946,0.994,0.018,0.958,0.024,Unoif6J5zX8
947,-0.9988,0.076,0.92,0.004,UooFw9BCmh8
948,0.9996,0.062,0.695,0.243,Up54qhjjdWQ
949,-1.0,0.099,0.815,0.086,Uq1R79sZATY
950,0.0,0.0,1.0,0.0,UqQMV4mLdPc
951,0.9516,0.012,0.956,0.032,UrUseBj4ERE
952,0.872,0.0,0.953,0.047,Urss_KqFeQ8
953,0.7685,0.0,0.938,0.062,V1Oxj39feRg
954,0.9986,0.013,0.909,0.078,V1wNRkhkQHM
955,0.9841,0.032,0.923,0.046,V4cL8bg1gyI
956,0.3331,0.001,0.997,0.002,V7fA2I3tZFA
957,0.8708,0.045,0.901,0.054,V90GuPc5yR0
958,0.9994,0.043,0.781,0.176,V9wvUSoys_k
959,0.9967,0.013,0.935,0.052,VA3UzHz1CLM
960,-0.9845,0.052,0.933,0.015,VCdeHyE0Jbc
961,1.0,0.071,0.759,0.171,VKqC5w207O4
962,0.796,0.014,0.965,0.021,VNOJipeERwA
963,-0.8612,0.043,0.92,0.038,VOMzCtJNoMM
964,0.9999,0.066,0.65,0.284,VPEgA0Myh7Y
965,-0.9954,0.059,0.924,0.017,VRUjdlCynU0
966,-0.6517,0.008,0.988,0.005,VSPKohrqUsA
967,0.9971,0.079,0.805,0.116,VV4RZBLozcg
968,0.8329,0.007,0.985,0.008,VZYIfSlfILc
969,0.8403,0.037,0.874,0.09,V_ocMD1vwE0
970,0.982,0.004,0.959,0.037,V_pA1blfv2I
971,0.9433,0.014,0.949,0.037,VaVmnW4duL0
972,0.0,0.0,1.0,0.0,VaesUxJxv2o
973,0.9983,0.034,0.919,0.047,VmVR-YwXS8g
974,0.9993,0.095,0.742,0.163,VqNnPti8ewI
975,0.9725,0.0,0.984,0.016,Vwom-TVUGOY
976,0.0,0.0,1.0,0.0,VyCi_PY43rI
977,-0.9901,0.072,0.877,0.051,VzWjmY6-D10
978,0.0,0.0,1.0,0.0,W-VHbftRmi0
979,0.7293,0.0,0.994,0.006,W-ZARauLKc8
980,0.9663,0.021,0.953,0.026,W0PdXa4xTls
981,0.9969,0.025,0.893,0.082,W0afcoFpkT8
982,-0.9856,0.023,0.97,0.007,W2Gv8JQwpOU
983,0.9942,0.009,0.913,0.078,W8hFSx_7uj0
984,0.798,0.0,0.978,0.022,WA9-DuoOVtw
985,-0.7576,0.021,0.966,0.013,WAhFIS58PWI
986,0.9998,0.048,0.8,0.152,WEYlrKYx1L4
987,-0.9959,0.038,0.96,0.002,WFeusywS8-k
988,-0.8729,0.018,0.969,0.013,WGjwdz5O3c8
989,1.0,0.063,0.696,0.241,WH-Knb5DwBg
990,-0.9911,0.083,0.875,0.041,WJ7Lu2NTLPc
991,0.6401,0.039,0.926,0.035,WJuPd1vOw30
992,0.9999,0.019,0.904,0.076,WLYh3VLYXX4
993,0.9979,0.095,0.764,0.141,WMrxyGZ96Bc
994,-0.7576,0.024,0.961,0.015,WRoabsZRTlg
995,0.9123,0.015,0.955,0.03,WSJTUEn4RpA
996,0.9988,0.073,0.794,0.133,WTXlb42lYyU
997,1.0,0.02,0.734,0.246,WYk5yyHvpvE
998,-0.9993,0.078,0.917,0.005,WYoEBc1wi60
999,1.0,0.06,0.737,0.204,W_C5F_-_Wh0
1000,-0.9816,0.053,0.922,0.026,WchptCf9Atc
1001,0.9719,0.028,0.938,0.034,We7fSfrmTgU
1002,-0.9993,0.082,0.906,0.012,WhD4UElVinM
1003,0.0,0.0,1.0,0.0,WhXi4SguSgk
1004,0.9863,0.015,0.957,0.028,WkQIFCGH6vI
1005,0.9899,0.013,0.948,0.039,Wo380Vstccg
1006,0.9998,0.068,0.76,0.172,WsK2ueTlF2g
1007,0.0,0.0,1.0,0.0,WsqitwmFVCM
1008,-0.9994,0.052,0.906,0.042,WuX9tqLt4XM
1009,0.9396,0.014,0.943,0.044,WwT0ZoLX2bA
1010,-0.9967,0.101,0.87,0.029,WwmwNUZ71xQ
1011,0.4986,0.002,0.996,0.001,WyVlx_6irYo
1012,0.0,0.0,1.0,0.0,WyvSw5vwcbQ
1013,0.895,0.095,0.804,0.101,X-AMLXI6PXE
1014,-0.9984,0.072,0.915,0.013,X1iVrKKHI84
