,Unnamed: 0,compound,neg,neu,pos,id,sentiment
0,0,0.0,0.0,1.0,0.0,--XQAK7NhUs,neutral
1,1,0.996,0.065,0.7759999999999999,0.16,-2RStr_KtP4,possitive
2,2,0.8057,0.0,0.9159999999999999,0.084,-4MagUTyp3Y,possitive
3,3,0.9998,0.024,0.7709999999999999,0.20600000000000002,-8KntVmm2r8,possitive
4,4,0.9943,0.009000000000000001,0.9540000000000001,0.037000000000000005,-ADzNjgctho,possitive
5,5,0.9996,0.019,0.86,0.122,-BLi-VxE--Y,possitive
6,6,0.9999,0.068,0.742,0.19,-CwoylxqVPA,possitive
7,7,0.9995,0.07,0.833,0.09699999999999999,-Ej5qLcmzv0,possitive
8,8,0.972,0.006999999999999999,0.965,0.027999999999999997,-Fpxa4tXO9A,possitive
9,9,0.971,0.015,0.941,0.045,-G5a15ZG4SU,possitive
10,10,-0.9838,0.064,0.902,0.034,-I6UKZqb5hg,negative
11,11,-0.9979,0.063,0.898,0.039,-IS_WCRq5BY,negative
12,12,-0.6734,0.005,0.995,0.0,-Iebjs-48-s,negative
13,13,-0.8035,0.024,0.9640000000000001,0.012,-KYYL3kMctc,negative
14,14,-0.9806,0.048,0.934,0.018000000000000002,-OKR-qL54tU,negative
15,15,0.7882,0.023,0.948,0.028999999999999998,-QYvsZCiiNs,possitive
16,16,0.0,0.0,1.0,0.0,-RErLff9BQ8,neutral
17,17,-0.9795,0.033,0.951,0.016,-Sn68BnMAJc,negative
18,18,0.0,0.0,1.0,0.0,-_BJRh0gW9c,neutral
19,19,-0.9995,0.09,0.8859999999999999,0.023,-db1Tu28nSM,negative
20,20,-0.9929,0.027000000000000003,0.963,0.01,-egZmn2kJzo,negative
21,21,0.9893,0.008,0.9520000000000001,0.04,-iCEdhWzqeI,possitive
22,22,0.0,0.0,1.0,0.0,-j6q2dwWFhU,neutral
23,23,0.9998,0.031,0.742,0.22699999999999998,-kyqE2Nq3pc,possitive
24,24,0.9938,0.019,0.925,0.055,-ozmpOa_lS0,possitive
25,25,0.9944,0.003,0.9640000000000001,0.033,-qzfbjHtOLM,possitive
26,26,0.7191,0.07,0.841,0.08900000000000001,-rCT2Wm3wWQ,possitive
27,27,0.9989,0.028999999999999998,0.9179999999999999,0.053,-w3iYPvbY2Y,possitive
28,28,0.9975,0.0,0.92,0.08,-xhZAoE9sLs,possitive
29,29,0.9608,0.02,0.945,0.034,-yTbVC95GAk,possitive
30,30,0.8343,0.027000000000000003,0.879,0.094,03jDAXqaowk,possitive
31,31,0.9989,0.111,0.736,0.153,06DwCNuWug8,possitive
32,32,0.8257,0.024,0.917,0.059000000000000004,0FbApS8Nhik,possitive
33,33,-0.4617,0.023,0.9640000000000001,0.013999999999999999,0FwaWiVppIY,negative
34,34,0.7488,0.025,0.9,0.075,0GFF0iHyYbU,possitive
35,35,0.9989,0.0,0.982,0.018000000000000002,0I02vlhj84c,possitive
36,36,0.8798,0.0,0.995,0.005,0IWd2Ln1Rdo,possitive
37,37,1.0,0.05,0.748,0.203,0LA5ausInlw,possitive
38,38,0.8748,0.005,0.946,0.048,0MVWqjb2_zI,possitive
39,39,0.9944,0.002,0.937,0.061,0OnZ34l-HW8,possitive
40,40,0.0,0.0,1.0,0.0,0PWma3841LI,neutral
41,41,0.8427,0.033,0.9259999999999999,0.040999999999999995,0Pap39_cXOs,possitive
42,42,-0.9968,0.09699999999999999,0.865,0.038,0QVOhB3MfqE,negative
43,43,0.7998,0.0,0.9740000000000001,0.026000000000000002,0XtptEn558g,possitive
44,44,0.8504,0.0,0.9890000000000001,0.011000000000000001,0_TDIMuaxdY,possitive
45,45,0.9048,0.024,0.943,0.033,0ax8f7DcUmg,possitive
46,46,-0.9939,0.044000000000000004,0.945,0.011000000000000001,0cIyhZqy75o,negative
47,47,-0.9524,0.022000000000000002,0.9590000000000001,0.019,0cwVTshRIGo,negative
48,48,0.9885,0.01,0.9520000000000001,0.038,0dKlfdtWzzc,possitive
49,49,-0.9231,0.011000000000000001,0.987,0.002,0i4e32SlbIw,negative
50,50,0.0,0.0,1.0,0.0,0inO04u_zrw,neutral
51,51,0.9993,0.040999999999999995,0.794,0.165,0ktXwOZbhC4,possitive
52,52,0.9998,0.066,0.6729999999999999,0.261,0lyR5kRL52E,possitive
53,53,1.0,0.064,0.765,0.171,0n9ITSKRAMA,possitive
54,54,0.8118,0.0,0.995,0.005,0niPLpPydp0,possitive
55,55,0.3875,0.0,0.976,0.024,0pKGpgArRP8,possitive
56,56,0.9999,0.023,0.9159999999999999,0.061,0rrN1Qmpnbg,possitive
57,57,0.9990000000000001,0.07200000000000001,0.753,0.175,0v9EIaN4Nzo,possitive
58,58,1.0,0.047,0.669,0.284,0vclPca_UkU,possitive
59,59,1.0,0.047,0.7070000000000001,0.24600000000000002,0zXfDafyyao,possitive
60,60,0.9995,0.015,0.818,0.16699999999999998,12jj-kZSCAE,possitive
61,61,0.9940000000000001,0.004,0.961,0.034,12lxpp7Eq0g,possitive
62,62,0.8902,0.0,0.995,0.005,14KJSGbNlt0,possitive
63,63,0.9731,0.013000000000000001,0.945,0.042,18F50u0PqTw,possitive
64,64,1.0,0.048,0.6859999999999999,0.265,1Bbv-uFJSZI,possitive
65,65,0.9426,0.0,0.99,0.01,1GnESYYZUYQ,possitive
66,66,0.9999,0.006999999999999999,0.899,0.094,1JlLi9pDaJE,possitive
67,67,0.9731,0.0,0.9940000000000001,0.006,1OkXaiBNfFc,possitive
68,68,0.9603,0.003,0.985,0.012,1TdQH38RSYY,possitive
69,69,0.9992,0.005,0.8809999999999999,0.115,1W9V9TjoL8M,possitive
70,70,-0.7979999999999999,0.013000000000000001,0.983,0.004,1Yp26uhXy04,negative
71,71,-0.9940000000000001,0.016,0.976,0.008,1bJCsGJUqg0,negative
72,72,-0.9916,0.052000000000000005,0.9259999999999999,0.023,1c1Pew0dghs,negative
73,73,0.0,0.0,1.0,0.0,1hEaLr2XB7E,neutral
74,74,0.9992,0.059000000000000004,0.759,0.182,1kEpZCtRhPA,possitive
75,75,0.9936,0.01,0.941,0.049,1nR84q0RAEY,possitive
76,76,1.0,0.076,0.6709999999999999,0.253,1n_cPIhag28,possitive
77,77,-0.9938,0.040999999999999995,0.9490000000000001,0.011000000000000001,1oPRJw2bxuE,negative
78,78,0.0,0.0,1.0,0.0,1p-NMEBMdKg,neutral
79,79,0.9912,0.012,0.925,0.063,1sBCe9of4KM,possitive
80,80,-0.9902,0.034,0.9570000000000001,0.01,1tksCM9PesI,negative
81,81,1.0,0.071,0.723,0.20600000000000002,1vpzyzfQdsI,possitive
82,82,0.9991,0.052000000000000005,0.79,0.158,20IOYT25Tto,possitive
83,83,0.7922,0.0,0.993,0.006999999999999999,2DCAtqXQX1I,possitive
84,84,0.8923,0.016,0.951,0.032,2D_7xx600lw,possitive
85,85,0.9952,0.054000000000000006,0.857,0.08900000000000001,2DjilozKJnk,possitive
86,86,-0.9999,0.049,0.925,0.026000000000000002,2E55xvU1Ajs,negative
87,87,0.9957,0.006,0.9309999999999999,0.064,2GQVCpk0z7Y,possitive
88,88,0.9999,0.015,0.93,0.054000000000000006,2GciQpGoltM,possitive
89,89,0.9999,0.024,0.762,0.214,2H-k11vs8-s,possitive
90,90,0.8453,0.013000000000000001,0.9690000000000001,0.018000000000000002,2LDW2WDobEg,possitive
91,91,-0.703,0.009000000000000001,0.988,0.003,2LttwF2uOKs,negative
92,92,0.9754,0.0,0.9840000000000001,0.016,2MbqkT3yxeA,possitive
93,93,-0.794,0.032,0.9440000000000001,0.025,2MpndHkDBwE,negative
94,94,0.0,0.0,1.0,0.0,2NWRvGnpUAU,neutral
95,95,0.8634,0.0,0.986,0.013999999999999999,2QN1vmuoki8,possitive
96,96,1.0,0.063,0.785,0.152,2QrEBEbIl4A,possitive
97,97,-0.8089,0.013999999999999999,0.981,0.005,2Swsf75FuQ0,negative
98,98,-0.9990000000000001,0.047,0.9229999999999999,0.03,2VUaXA-uLF8,negative
99,99,0.9997,0.026000000000000002,0.9359999999999999,0.039,2W2J30ZkaG0,possitive
100,100,0.9859,0.015,0.953,0.032,2_Vrl2fLY1M,possitive
101,101,-0.7859999999999999,0.11599999999999999,0.7829999999999999,0.1,2_ivukEteDg,negative
102,102,-0.8269,0.028999999999999998,0.948,0.023,2ackns42yn0,negative
103,103,1.0,0.099,0.6940000000000001,0.207,2b6-vsEi58w,possitive
104,104,0.9914,0.0,0.9570000000000001,0.043,2bzUxfp8_lE,possitive
105,105,0.8671,0.0,0.978,0.022000000000000002,2dri-6t7VeM,possitive
106,106,-0.9385,0.005,0.995,0.0,2g2eti7GnRY,negative
107,107,0.9937,0.0,0.943,0.057,2gjoDu8SXkg,possitive
108,108,0.9541,0.042,0.904,0.053,2i_G2m0vP6U,possitive
109,109,1.0,0.106,0.7659999999999999,0.129,2of5Y3Z7VCE,possitive
110,110,0.9236,0.0,0.987,0.013000000000000001,2qDMXjAVy34,possitive
111,111,-0.9999,0.047,0.929,0.024,2qcfps-ZW3A,negative
112,112,0.9995,0.026000000000000002,0.9059999999999999,0.068,2sLiHrjopvE,possitive
113,113,0.4199,0.0,0.998,0.002,2sQatnIfPI8,possitive
114,114,0.993,0.008,0.927,0.066,2tSUVWC5q-A,possitive
115,115,-0.9976,0.055999999999999994,0.9179999999999999,0.026000000000000002,2tjYDu085sQ,negative
116,116,-0.9964,0.05,0.9229999999999999,0.027000000000000003,2tkTd872IpM,negative
117,117,0.7575,0.011000000000000001,0.972,0.018000000000000002,2wmH-8vqtjc,possitive
118,118,0.9998,0.021,0.873,0.106,2xDaFsE8M5Q,possitive
119,119,0.9641,0.02,0.958,0.022000000000000002,30pyRH9KNkY,possitive
120,120,0.8729,0.023,0.956,0.021,32ftlUuoRHQ,possitive
121,121,-0.8963,0.003,0.997,0.0,34miIdWnFSU,negative
122,122,-0.9667,0.027999999999999997,0.961,0.011000000000000001,35tl94IWH8o,negative
123,123,-0.9992,0.055,0.927,0.018000000000000002,378zlkjLEuc,negative
124,124,0.9993,0.065,0.7509999999999999,0.185,37jHStzD6jc,possitive
125,125,-0.8427,0.01,0.99,0.0,39TzzjPmQbg,negative
126,126,-0.9996,0.051,0.9159999999999999,0.032,3Cp12CLQmok,negative
127,127,0.973,0.015,0.955,0.03,3FVf9yo4f1c,possitive
128,128,0.9787,0.011000000000000001,0.9440000000000001,0.045,3GC0G2wEEqQ,possitive
129,129,0.9994,0.049,0.9,0.051,3HJhl83HGWk,possitive
130,130,1.0,0.02,0.664,0.316,3IEi1afAp5g,possitive
131,131,0.9015,0.0,0.956,0.044000000000000004,3PHyVpDDvvI,possitive
132,132,0.0,0.0,1.0,0.0,3SLBKRs8C_0,neutral
133,133,-0.9998,0.045,0.92,0.035,3W8Ylhm4_8Y,negative
134,134,1.0,0.099,0.733,0.16899999999999998,3Xl0Qr0uXuY,possitive
135,135,-0.8190000000000001,0.005,0.995,0.0,3YCfdDOfQCU,negative
136,136,-0.9874,0.027999999999999997,0.961,0.01,3YScGZy3wVs,negative
137,137,0.9936,0.013000000000000001,0.9640000000000001,0.023,3cGtj77qDJI,possitive
138,138,0.9784,0.016,0.948,0.035,3et7U1j5NhY,possitive
139,139,0.9997,0.035,0.7909999999999999,0.174,3fDlXpFVZ10,possitive
140,140,0.9993,0.08199999999999999,0.775,0.14300000000000002,3fxQ7VlYX6M,possitive
141,141,0.9948,0.008,0.9470000000000001,0.045,3jOnyucPD5c,possitive
142,142,-0.9685,0.138,0.738,0.124,3jpxCvt7XAY,negative
143,143,0.0,0.0,1.0,0.0,3oG91wFr364,neutral
144,144,-0.9963,0.073,0.919,0.006999999999999999,3s9ia7ldY94,negative
145,145,0.9408,0.016,0.951,0.033,3uSLGRau1jE,possitive
146,146,0.8963,0.0,0.985,0.015,3xtvP7iU03E,possitive
147,147,0.9999,0.073,0.737,0.19,3zJrYlCJpgY,possitive
148,148,0.0,0.0,1.0,0.0,43nmtMr8kQw,neutral
149,149,0.9938,0.006,0.924,0.07,49J7lw6Cx40,possitive
150,150,-0.9977,0.067,0.9179999999999999,0.013999999999999999,4Fb2Lv5KTuk,negative
151,151,0.9999,0.077,0.721,0.20199999999999999,4G4nBbBx_LU,possitive
152,152,0.9958,0.01,0.943,0.047,4KAFw4kd4pk,possitive
153,153,0.9895,0.026000000000000002,0.9209999999999999,0.053,4KEcBJxFzNI,possitive
154,154,0.9995,0.057999999999999996,0.772,0.171,4NKoEN4D2wA,possitive
155,155,0.9474,0.01,0.9590000000000001,0.031,4TC-jeSRRlo,possitive
156,156,-0.9464,0.027999999999999997,0.961,0.011000000000000001,4VRWmE9Hir0,negative
157,157,-0.9998,0.139,0.77,0.091,4VTOplLl2BM,negative
158,158,0.9853,0.004,0.9570000000000001,0.039,4_7uCRg9JIc,possitive
159,159,-0.5414,0.045,0.907,0.048,4h13U_F79TU,negative
160,160,-0.9967,0.063,0.9,0.037000000000000005,4iExma_PfHI,negative
161,161,-0.9976,0.092,0.882,0.026000000000000002,4iqrnl_7-FI,negative
162,162,1.0,0.044000000000000004,0.833,0.12300000000000001,4jmMWohs1XM,possitive
163,163,0.9951,0.011000000000000001,0.9329999999999999,0.055999999999999994,4k8gJHe6loo,possitive
164,164,0.9655,0.055999999999999994,0.856,0.08800000000000001,4oOoC36f9II,possitive
165,165,-0.8405,0.012,0.983,0.006,4qrdtUX4Ezo,negative
166,166,1.0,0.064,0.71,0.226,4t4-mBexJ1g,possitive
167,167,-0.9007,0.036000000000000004,0.943,0.021,4uKKO0W8iRk,negative
168,168,0.977,0.006,0.9640000000000001,0.031,4vGwkMTvDik,possitive
169,169,0.9985,0.022000000000000002,0.879,0.099,4zJ4i6Az2Ck,possitive
170,170,0.9957,0.009000000000000001,0.929,0.063,504bJ-qMZxI,possitive
171,171,0.8529,0.0,0.988,0.012,50tfSSueHFg,possitive
172,172,0.9998,0.028999999999999998,0.885,0.086,51-4_DItCio,possitive
173,173,0.9964,0.13,0.708,0.162,51kha_drAK4,possitive
174,174,0.9982,0.001,0.982,0.016,54h9ULtAir4,possitive
175,175,-0.6031,0.027999999999999997,0.9490000000000001,0.023,57AdP4RmSNk,negative
176,176,0.8466,0.0,0.991,0.009000000000000001,58_c0gcAHMU,possitive
177,177,1.0,0.046,0.687,0.267,59cPZzpoEKQ,possitive
178,178,0.6031,0.013000000000000001,0.978,0.01,5CaQXdS68LM,possitive
179,179,-0.9182,0.19699999999999998,0.7190000000000001,0.084,5DElhPMvPV8,negative
180,180,-0.9976,0.061,0.9309999999999999,0.009000000000000001,5E6bZFcpPqY,negative
181,181,0.9904,0.013999999999999999,0.9359999999999999,0.05,5H3KmoNxWdc,possitive
182,182,0.9838,0.004,0.975,0.022000000000000002,5IGj80uA5cM,possitive
183,183,-0.9957,0.045,0.93,0.025,5LVcU13NcWg,negative
184,184,-0.9997,0.04,0.938,0.022000000000000002,5NQGsgYRDns,negative
185,185,0.9974,0.005,0.988,0.006999999999999999,5OAysfkcMjg,possitive
186,186,0.0,0.0,1.0,0.0,5YTVx6iQbAI,neutral
187,187,0.9845,0.013999999999999999,0.948,0.038,5c9aBYZ7_kQ,possitive
188,188,0.9988,0.027000000000000003,0.794,0.17800000000000002,5eUrFAhfI84,possitive
189,189,0.9995,0.035,0.919,0.045,5fY6W2QaU88,possitive
190,190,-0.8269,0.035,0.9390000000000001,0.026000000000000002,5jUophE9ahQ,negative
191,191,-0.9997,0.111,0.873,0.015,5k7NIhKz5_M,negative
192,192,0.9995,0.052000000000000005,0.8059999999999999,0.142,5kwb4aFuGWk,possitive
193,193,0.0,0.0,1.0,0.0,5p07uIxgkSM,neutral
194,194,-0.9998,0.08800000000000001,0.887,0.025,61xkVmroX7Q,negative
195,195,-0.9983,0.09699999999999999,0.857,0.046,64_sBpcbVzE,negative
196,196,-0.9002,0.028999999999999998,0.963,0.008,65EmDrNbDF4,negative
197,197,0.9969,0.0,0.935,0.065,65Mya8pFAfk,possitive
198,198,0.9885,0.026000000000000002,0.943,0.031,66rL1hJOBLU,possitive
199,199,0.9998,0.071,0.7390000000000001,0.191,68c1RmFZQeQ,possitive
200,200,-0.8758,0.064,0.884,0.052000000000000005,6ADwxAX0j1s,negative
201,201,1.0,0.099,0.762,0.14,6E3RK7FGaRs,possitive
202,202,0.9077,0.0,0.997,0.003,6EA9L3pC7yY,possitive
203,203,0.9674,0.0,0.99,0.01,6Egbt1RxKAQ,possitive
204,204,0.0,0.0,1.0,0.0,6G_TX39hgHM,neutral
205,205,1.0,0.075,0.664,0.261,6KB71UI2iWM,possitive
206,206,0.0,0.0,1.0,0.0,6KrKEOY84kw,neutral
207,207,0.9931,0.013000000000000001,0.8909999999999999,0.09699999999999999,6LAz_2ES1a8,possitive
208,208,1.0,0.011000000000000001,0.9540000000000001,0.036000000000000004,6Nm9GOAmZgk,possitive
209,209,0.7623,0.0,0.965,0.035,6PFAlZgmccs,possitive
210,210,-0.9174,0.009000000000000001,0.988,0.003,6QqilKy3jb4,negative
211,211,0.9634,0.002,0.978,0.02,6RCsvMCK68k,possitive
212,212,0.9899,0.012,0.93,0.059000000000000004,6Tj5JA_xAzI,possitive
213,213,0.9964,0.009000000000000001,0.899,0.092,6X3C6we4-u4,possitive
214,214,-0.8061,0.016,0.971,0.012,6f9mZOG38Ss,negative
215,215,0.9996,0.04,0.748,0.212,6g3EanTqoOA,possitive
216,216,0.9671,0.032,0.932,0.037000000000000005,6g3lDaYygow,possitive
217,217,-0.8253,0.032,0.943,0.026000000000000002,6gBq0VVwM5g,negative
218,218,0.0,0.0,1.0,0.0,6heFzHvXXj8,neutral
219,219,-1.0,0.083,0.9,0.018000000000000002,6iuAx37zEpY,negative
220,220,0.9995,0.027999999999999997,0.9209999999999999,0.052000000000000005,6jnEWA78KMs,possitive
221,221,0.9944,0.053,0.8370000000000001,0.11,6ogH-sMTfRg,possitive
222,222,0.9874,0.036000000000000004,0.899,0.065,6oihqyVvZ6Y,possitive
223,223,0.9999,0.027999999999999997,0.821,0.15,6pMNHrnUFmQ,possitive
224,224,1.0,0.09300000000000001,0.63,0.27699999999999997,6tiD1za8jGw,possitive
225,225,-0.9981,0.057999999999999996,0.902,0.039,6yT26_MPDS0,negative
226,226,0.9254,0.019,0.9620000000000001,0.019,6zg_1iG3HSA,possitive
227,227,-0.7527,0.02,0.965,0.013999999999999999,72gDtrKWll0,negative
228,228,0.9396,0.008,0.9670000000000001,0.026000000000000002,7504zQJJZAg,possitive
229,229,0.9965,0.027999999999999997,0.937,0.035,76925U_yKLw,possitive
230,230,0.0,0.0,1.0,0.0,7A9iQ89wHAY,neutral
231,231,0.9624,0.016,0.958,0.026000000000000002,7BnGzoUyK5E,possitive
232,232,0.6004,0.035,0.9359999999999999,0.028999999999999998,7F2Ed55FSro,possitive
233,233,0.7525,0.006,0.972,0.022000000000000002,7Gn31r01We8,possitive
234,234,-0.9865,0.036000000000000004,0.958,0.006,7Sd52OOMxVk,negative
235,235,0.8963,0.015,0.961,0.024,7TV1ygGKTXA,possitive
236,236,0.6628,0.0,0.975,0.025,7U7F6xM9ja4,possitive
237,237,0.9997,0.026000000000000002,0.9179999999999999,0.057,7UB6mzkcYWs,possitive
238,238,-0.9998,0.11900000000000001,0.828,0.053,7UkwNfTP4as,negative
239,239,0.9997,0.015,0.938,0.046,7Wx-7TzGFI8,possitive
240,240,-0.9986,0.085,0.879,0.036000000000000004,7X1Pok9VW1E,negative
241,241,-0.9644,0.02,0.972,0.008,7Yzcmrkdzh8,negative
242,242,-0.9914,0.07400000000000001,0.914,0.012,7ZHC4F_b8is,negative
243,243,0.9998,0.057,0.73,0.213,7beZU4Tj9fo,possitive
244,244,1.0,0.07200000000000001,0.826,0.102,7c1FO8FT__U,possitive
245,245,0.9536,0.005,0.971,0.024,7cL2mMjqR8o,possitive
246,246,1.0,0.10099999999999999,0.746,0.154,7fE5ljMUsAw,possitive
247,247,1.0,0.049,0.779,0.172,7hKTaDncNic,possitive
248,248,0.8453,0.0,0.998,0.002,7jAqeaXtIMw,possitive
249,249,-0.9996,0.1,0.89,0.01,7md20ogAHTI,negative
250,250,0.8453,0.0,0.991,0.009000000000000001,7nQZHyCFleQ,possitive
251,251,-0.987,0.08800000000000001,0.882,0.03,7nuinKzCH8E,negative
252,252,0.0,0.0,1.0,0.0,7pyttUjvGP0,neutral
253,253,0.9940000000000001,0.004,0.943,0.053,7uD7sEY9-x4,possitive
254,254,0.9632,0.025,0.9390000000000001,0.036000000000000004,8482MAoEdyM,possitive
255,255,0.9987,0.012,0.8270000000000001,0.16,88sdqOX4OI8,possitive
256,256,-0.997,0.068,0.9059999999999999,0.026000000000000002,89CY_9xsy50,negative
257,257,-0.9898,0.031,0.9540000000000001,0.015,89NF5COf1GU,negative
258,258,-0.9818,0.105,0.8170000000000001,0.079,8DJ_2qWrqs4,negative
259,259,0.9997,0.06,0.7140000000000001,0.226,8DdLKWwsvWw,possitive
260,260,0.9823,0.02,0.9420000000000001,0.038,8DyweYGHMEk,possitive
261,261,0.9867,0.002,0.953,0.044000000000000004,8ExSEdnVoBg,possitive
262,262,0.9998,0.042,0.6829999999999999,0.275,8HwMdRaZI-g,possitive
263,263,0.9291,0.032,0.925,0.042,8JowvzS3CjE,possitive
264,264,0.0,0.0,1.0,0.0,8LM1Zk4kxG8,neutral
265,265,-0.9961,0.059000000000000004,0.934,0.008,8O39_gmswE0,negative
266,266,0.9994,0.013999999999999999,0.866,0.12,8X3WhmX8mmk,possitive
267,267,1.0,0.07400000000000001,0.7609999999999999,0.165,8XkcbdSRdO0,possitive
268,268,0.9649,0.017,0.9590000000000001,0.024,8Z-wA32NYSo,possitive
269,269,-0.9993,0.157,0.7440000000000001,0.099,8dnCqf5e-Zw,negative
270,270,0.988,0.013999999999999999,0.929,0.057,8gHpAVxD-Io,possitive
271,271,0.6836,0.021,0.961,0.018000000000000002,8jssbjZOTw0,possitive
272,272,-0.5466,0.002,0.998,0.0,8mYGBYP9rMQ,negative
273,273,0.6836,0.0,0.9940000000000001,0.006,8si2lvrfQUE,possitive
274,274,-0.9996,0.033,0.951,0.017,8tyzkyzkAi0,negative
275,275,0.7527,0.009000000000000001,0.968,0.023,8xZzh6-YD2s,possitive
276,276,0.9987,0.021,0.885,0.095,8yEZ1v9LzL8,possitive
277,277,0.9862,0.022000000000000002,0.9279999999999999,0.05,8yGxbJ3D61k,possitive
278,278,-0.9468,0.036000000000000004,0.9490000000000001,0.015,8zgtumHt3js,negative
279,279,0.9982,0.013000000000000001,0.904,0.083,8zyKt63DDQM,possitive
280,280,0.7482,0.0,0.9940000000000001,0.006,91j04vt-WJM,possitive
281,281,0.8553,0.036000000000000004,0.927,0.037000000000000005,94io2X_HAtY,possitive
282,282,1.0,0.07,0.703,0.226,98MWcF_Ucs0,possitive
283,283,1.0,0.05,0.8029999999999999,0.147,9BPQpOfbiRg,possitive
284,284,1.0,0.028999999999999998,0.66,0.311,9CCACd2q4IY,possitive
285,285,-0.7293,0.009000000000000001,0.991,0.0,9Cewh9DbX4A,negative
286,286,1.0,0.022000000000000002,0.81,0.168,9Czl7WghNJA,possitive
287,287,0.9532,0.017,0.9359999999999999,0.047,9Ech47qPdHw,possitive
288,288,-0.9706,0.033,0.96,0.006999999999999999,9H62SMCCYDs,negative
289,289,-0.9439,0.171,0.687,0.142,9JnJpeBcz9M,negative
290,290,-0.9989,0.11599999999999999,0.873,0.012,9KbQw4wAOeg,negative
291,291,-0.9789,0.033,0.9520000000000001,0.013999999999999999,9LD5jeNPJhs,negative
292,292,0.9332,0.033,0.92,0.047,9LckWII7BD4,possitive
293,293,0.9684,0.008,0.951,0.040999999999999995,9P_mro6oaD8,possitive
294,294,0.9887,0.018000000000000002,0.9309999999999999,0.051,9Qxkd6Rh40g,possitive
295,295,0.4885,0.019,0.9440000000000001,0.037000000000000005,9RMUVVEZVtQ,possitive
296,296,0.875,0.006,0.9620000000000001,0.032,9SP7IuH81jY,possitive
297,297,1.0,0.043,0.764,0.19399999999999998,9SwJ0Xo3Xls,possitive
298,298,1.0,0.049,0.799,0.153,9WtWSKAFMCQ,possitive
299,299,0.9998,0.028999999999999998,0.8170000000000001,0.154,9Z0z-2iK9j8,possitive
300,300,-0.9918,0.15,0.728,0.122,9afhwb6rIZw,negative
301,301,0.9987,0.092,0.705,0.203,9iH_plNzWdE,possitive
302,302,-0.9984,0.11699999999999999,0.852,0.03,9lqkDkxIbPw,negative
303,303,0.982,0.024,0.917,0.059000000000000004,9rm-bdnW4hE,possitive
304,304,-0.9990000000000001,0.098,0.868,0.034,9s-AswxWh7A,negative
305,305,0.9908,0.023,0.925,0.052000000000000005,9vAbTuIDDh4,possitive
306,306,-0.9852,0.036000000000000004,0.941,0.023,9wDOsSOppQI,negative
307,307,0.9228,0.008,0.968,0.023,9xHIm9z9tEg,possitive
308,308,0.5205,0.023,0.958,0.02,9zYq850Oc1U,possitive
309,309,-1.0,0.153,0.7120000000000001,0.136,A-_tj5sSKkc,negative
310,310,0.9994,0.07400000000000001,0.762,0.165,A2gnwh7qYCk,possitive
311,311,-0.9996,0.059000000000000004,0.9159999999999999,0.025,A3aolZrJF0Y,negative
312,312,0.9939,0.013999999999999999,0.907,0.079,A3usDrlnQQc,possitive
313,313,1.0,0.053,0.743,0.204,A4LD3LzHZjM,possitive
314,314,0.0,0.0,1.0,0.0,A69i9nEonUA,neutral
315,315,0.7293,0.0,0.993,0.006999999999999999,A79C9asiewE,possitive
316,316,0.9974,0.021,0.868,0.111,AAvGwHpKiw0,possitive
317,317,0.9465,0.0,0.9740000000000001,0.026000000000000002,ABfc4Ko560I,possitive
318,318,0.9928,0.04,0.8909999999999999,0.069,ABsABLDKLVQ,possitive
319,319,1.0,0.053,0.731,0.21600000000000003,ABuG8hZqynI,possitive
320,320,-0.9939,0.08800000000000001,0.84,0.07200000000000001,AKB1dyXsTGM,negative
321,321,0.9988,0.057,0.845,0.09699999999999999,AKDal51f5LU,possitive
322,322,-0.9972,0.076,0.897,0.027999999999999997,AQ-s2Uo3U_0,negative
323,323,-0.9993,0.10800000000000001,0.8740000000000001,0.018000000000000002,ATh30tUkpFM,negative
324,324,0.0,0.0,1.0,0.0,AU76htKk3xg,neutral
325,325,0.5673,0.0,0.973,0.027000000000000003,AZe4ysz1VR4,possitive
326,326,-0.9354,0.024,0.961,0.016,A_Jk9oNHZrc,negative
327,327,0.0,0.0,1.0,0.0,Ac8cf-qWz8w,neutral
328,328,0.9987,0.059000000000000004,0.831,0.11,AdPNAE0u40A,possitive
329,329,0.9676,0.027000000000000003,0.904,0.069,Ae6CTQNKc14,possitive
330,330,1.0,0.039,0.805,0.156,AjMsxrbjn7M,possitive
331,331,0.9985,0.011000000000000001,0.9259999999999999,0.063,AjheC7hfc0o,possitive
332,332,0.0,0.0,1.0,0.0,ApoBycomPpg,neutral
333,333,0.9999,0.067,0.638,0.295,Ar5q5Y6vVPs,possitive
334,334,0.9798,0.0,0.863,0.13699999999999998,AsSOX4Peu60,possitive
335,335,0.7121,0.0,0.997,0.003,AtFP4Py7yf0,possitive
336,336,0.0,0.0,1.0,0.0,AuCkNOiHoW8,neutral
337,337,-0.9989,0.07,0.9059999999999999,0.025,AvrBFfWGrCk,negative
338,338,-0.8388,0.004,0.996,0.0,B0Cm3bgwwvc,negative
339,339,0.9976,0.1,0.7440000000000001,0.156,B1vfdjTdUJM,possitive
340,340,-0.6935,0.003,0.997,0.0,B5hoKypkaHQ,negative
341,341,0.9984,0.0,0.828,0.172,B8sMkjIJeTM,possitive
342,342,0.45299999999999996,0.0,0.981,0.019,BBkMzlqpEoo,possitive
343,343,-0.9981,0.06,0.92,0.02,BDQPpa2IOaM,negative
344,344,0.9014,0.024,0.9420000000000001,0.034,BDeFFHszSaU,possitive
345,345,0.9991,0.039,0.872,0.08900000000000001,BE20uv5rqN8,possitive
346,346,0.0,0.0,1.0,0.0,BF5DykrGMJY,neutral
347,347,0.9105,0.0,0.998,0.002,BF6Ln85YOMU,possitive
348,348,0.972,0.038,0.907,0.055,BH6bcVI68yA,possitive
349,349,-0.706,0.019,0.9590000000000001,0.022000000000000002,BJOvrdNkbtU,negative
350,350,-0.9984,0.079,0.8809999999999999,0.04,BNCTW5Pyqec,negative
351,351,0.9908,0.002,0.945,0.053,BNms0yNsbOs,possitive
352,352,0.0,0.0,1.0,0.0,BPFxO3X1S0s,neutral
353,353,-0.9978,0.087,0.893,0.02,BPypXrUjqSU,negative
354,354,0.9127,0.003,0.975,0.022000000000000002,BQQPkvUpo7c,possitive
355,355,0.9826,0.02,0.9059999999999999,0.073,BSNKfVogp54,possitive
356,356,-0.998,0.043,0.927,0.03,BTVb4PB9Ww0,negative
357,357,0.9997,0.06,0.7759999999999999,0.16399999999999998,BU79EyMjIrU,possitive
358,358,0.9549,0.0,0.9670000000000001,0.033,BVKzk46fO1Y,possitive
359,359,1.0,0.062,0.816,0.12300000000000001,Ban8Aoj1NuU,possitive
360,360,0.982,0.01,0.9309999999999999,0.059000000000000004,BduzAgMOXms,possitive
361,361,-0.9959,0.086,0.871,0.043,BfIBDded_JQ,negative
362,362,0.0,0.0,1.0,0.0,Bg5sGvUoCHw,neutral
363,363,0.9996,0.013999999999999999,0.737,0.25,BgGa8mmf_Uk,possitive
364,364,0.9684,0.01,0.9570000000000001,0.034,BgN1XOrxgK4,possitive
365,365,0.9994,0.009000000000000001,0.946,0.045,BjZlPMH5HiA,possitive
366,366,0.9994,0.032,0.8140000000000001,0.154,BkxeOMX-Wms,possitive
367,367,0.9876,0.019,0.915,0.066,BsZSuCeD8Wo,possitive
368,368,-0.9769,0.098,0.812,0.09,BtR4mH3ZvcM,negative
369,369,0.9999,0.002,0.8809999999999999,0.11699999999999999,Bu412i99H9A,possitive
370,370,0.9996,0.102,0.748,0.15,BuAURiD4Wmw,possitive
371,371,-0.7156,0.005,0.993,0.002,BvgUS87z8wQ,negative
372,372,0.0,0.0,1.0,0.0,C-78P1SfVVY,neutral
373,373,-0.8440000000000001,0.055,0.899,0.046,C1qt5nbH0SM,negative
374,374,0.9995,0.015,0.8640000000000001,0.121,C2QMwtmiq5c,possitive
375,375,0.9967,0.022000000000000002,0.903,0.07400000000000001,C2X1KnvYhNw,possitive
376,376,0.0,0.0,1.0,0.0,C7Gidc4eiio,neutral
377,377,0.0,0.0,1.0,0.0,C8Xi0IVOGJs,neutral
378,378,0.0,0.0,1.0,0.0,CA2vJ5l8qow,neutral
379,379,0.0,0.0,1.0,0.0,CBo4LeQrFXs,neutral
380,380,0.9892,0.019,0.9079999999999999,0.073,CCHQFi9Mjz4,possitive
381,381,0.9542,0.02,0.948,0.032,CCqxzgzrdCE,possitive
382,382,0.9986,0.052000000000000005,0.7440000000000001,0.204,CD5JqPyIuj8,possitive
383,383,1.0,0.095,0.715,0.191,CEAK9Ewo-8E,possitive
384,384,0.9961,0.017,0.884,0.099,CHtSqQw6iOg,possitive
385,385,-0.9998,0.125,0.8690000000000001,0.006,CI0Rb-Yha1Y,negative
386,386,0.998,0.005,0.883,0.11199999999999999,CIDSDbcrBOQ,possitive
387,387,-0.9902,0.043,0.946,0.011000000000000001,CIDzQ7damyo,negative
388,388,0.0,0.0,1.0,0.0,CKaYjjT2mHM,neutral
389,389,-0.9973,0.087,0.897,0.015,CLc1VhAT3QA,negative
390,390,0.8565,0.0,0.992,0.008,CLe0gVBt8co,possitive
391,391,0.9773,0.054000000000000006,0.873,0.07200000000000001,CPb5dvWwxNw,possitive
392,392,1.0,0.059000000000000004,0.721,0.22,CPfQAY7pzrs,possitive
393,393,0.9952,0.0,0.9420000000000001,0.057999999999999996,CQ60e9Ui-G0,possitive
394,394,-0.8601,0.031,0.9470000000000001,0.022000000000000002,CQqZUiSyx3E,negative
395,395,-0.8206,0.026000000000000002,0.9590000000000001,0.013999999999999999,CQx53asH8q4,negative
396,396,-0.5273,0.017,0.9670000000000001,0.016,CRD9j-q5bHE,negative
397,397,0.0,0.0,1.0,0.0,C_PUj10Q2Lw,neutral
398,398,0.0,0.0,1.0,0.0,CeTO6RHwzvE,neutral
399,399,0.0,0.0,1.0,0.0,CjTJjSUskrs,neutral
400,400,0.9811,0.0,0.968,0.032,CkdkYee5vZc,possitive
401,401,-0.9996,0.094,0.887,0.019,Cl9jdCDtzjk,negative
402,402,-0.9841,0.045,0.9390000000000001,0.016,Cnv9WXGlSmk,negative
403,403,0.9999,0.094,0.755,0.151,CqWuqm51aUs,possitive
404,404,1.0,0.057999999999999996,0.6629999999999999,0.27899999999999997,CvErNgwwciY,possitive
405,405,0.9967,0.015,0.857,0.129,D0OU_kPIUpo,possitive
406,406,0.0,0.0,1.0,0.0,D1LDMWUIC40,neutral
407,407,0.0,0.0,1.0,0.0,D1LILHuw2lU,neutral
408,408,-0.9998,0.059000000000000004,0.9059999999999999,0.035,D1mF-MTcCHc,negative
409,409,0.0,0.0,1.0,0.0,D3w_CRe6VC4,neutral
410,410,0.9438,0.0,0.963,0.037000000000000005,D517Du-ToHE,possitive
411,411,0.7179,0.028999999999999998,0.946,0.025,D5BhAXefh3c,possitive
412,412,-0.9618,0.048,0.932,0.02,D6LkRCWlH7U,negative
413,413,0.9994,0.015,0.934,0.051,D7e04Lirnrc,possitive
414,414,0.0,0.0,1.0,0.0,DEPYJpJ0f-M,neutral
415,415,0.991,0.005,0.9490000000000001,0.046,DIupXi4NggU,possitive
416,416,1.0,0.036000000000000004,0.61,0.355,DLdyWMaia8Q,possitive
417,417,0.9848,0.021,0.92,0.059000000000000004,DM5_FxwY_Uw,possitive
418,418,0.9861,0.009000000000000001,0.95,0.040999999999999995,DMpcjzAjGKw,possitive
419,419,-1.0,0.10800000000000001,0.873,0.019,DMrFMuUcM4o,negative
420,420,0.9961,0.021,0.912,0.067,DQdevcl8Cl0,possitive
421,421,-0.5152,0.022000000000000002,0.961,0.018000000000000002,DS0f9ps0JuA,negative
422,422,0.0,0.0,1.0,0.0,DXBshIuVV5I,neutral
423,423,-0.7576,0.021,0.965,0.015,D_DthHTYlt0,negative
424,424,0.9991,0.028999999999999998,0.695,0.276,D_HceWNTuoE,possitive
425,425,-0.9471,0.021,0.966,0.013000000000000001,D_gjAVRhoYo,negative
426,426,-0.6074,0.038,0.9179999999999999,0.043,DcaPFeCUM6M,negative
427,427,0.8823,0.033,0.929,0.039,DeLFqEAuEDc,possitive
428,428,0.9938,0.0,0.9740000000000001,0.026000000000000002,Dk5fc9g6fwc,possitive
429,429,-0.9973,0.05,0.937,0.013000000000000001,DmBh279Z6MA,negative
430,430,0.9521,0.026000000000000002,0.934,0.04,DntP9z3T14o,possitive
431,431,0.6768,0.013999999999999999,0.966,0.019,DpO0AiWugyE,possitive
432,432,0.9999,0.068,0.812,0.12,DqCNuTOrAwY,possitive
433,433,0.9762,0.04,0.8959999999999999,0.063,DqhmGK07r0o,possitive
434,434,-0.9994,0.083,0.898,0.019,DtQLFtLhOfg,negative
435,435,0.9854,0.019,0.953,0.027999999999999997,DuYRwf93Umo,possitive
436,436,0.9159,0.005,0.9670000000000001,0.027999999999999997,DwdP6BszZVE,possitive
437,437,0.9984,0.009000000000000001,0.9470000000000001,0.045,DwfCVBrWs6o,possitive
438,438,-0.9965,0.11900000000000001,0.799,0.08199999999999999,Dx37PoHH37c,negative
439,439,0.977,0.0,0.972,0.027999999999999997,E1ux6mPDOdw,possitive
440,440,0.0,0.0,1.0,0.0,E5EsBFPXW2o,neutral
441,441,-0.9932,0.057999999999999996,0.922,0.02,EBIW4WEm8YQ,negative
442,442,0.9961,0.0,0.948,0.052000000000000005,ED-0LZS0rzY,possitive
443,443,0.7862,0.0,0.995,0.005,EDxaZSjYgtg,possitive
444,444,0.9939,0.01,0.93,0.06,EGE3L3u_MLE,possitive
445,445,0.9996,0.0,0.797,0.203,EKZdpMv1z7o,possitive
446,446,-0.9991,0.128,0.856,0.016,EKd39YS335g,negative
447,447,1.0,0.08900000000000001,0.735,0.175,ELZapVcPF5E,possitive
448,448,0.9998,0.065,0.703,0.23199999999999998,EOQP6Q8dRb0,possitive
449,449,1.0,0.059000000000000004,0.6829999999999999,0.258,EOuEx5uZkuU,possitive
450,450,0.9949,0.02,0.867,0.113,EPnEP9DUG0g,possitive
451,451,0.9999,0.008,0.889,0.10300000000000001,EQHp7qQuXRc,possitive
452,452,0.9955,0.006999999999999999,0.9420000000000001,0.051,EQis7DvmTvE,possitive
453,453,-0.5942,0.022000000000000002,0.96,0.018000000000000002,ET064AVH7u8,negative
454,454,0.6713,0.004,0.986,0.01,EZlKJFNl3cE,possitive
455,455,0.9904,0.006999999999999999,0.948,0.045,EbJPmdeXW0w,possitive
456,456,0.9975,0.004,0.929,0.067,EgF7MBXd1hI,possitive
457,457,0.0,0.0,1.0,0.0,EiuI2NJbEq8,neutral
458,458,0.4404,0.0,0.97,0.03,Ej0VEX3q8QY,possitive
459,459,0.9990000000000001,0.013000000000000001,0.895,0.092,Ej2wbJLaCvI,possitive
460,460,0.0,0.0,1.0,0.0,EjO7sNfk37g,neutral
461,461,0.9946,0.021,0.924,0.055,Ejn0xpzWtdQ,possitive
462,462,0.6734,0.004,0.988,0.008,Ek2HlZ-Fwog,possitive
463,463,0.9992,0.026000000000000002,0.831,0.14300000000000002,Enf407Wqs10,possitive
464,464,0.9623,0.013999999999999999,0.96,0.026000000000000002,EoI3fP8a7XY,possitive
465,465,-0.9999,0.079,0.91,0.011000000000000001,EwF3h5x1x1I,negative
466,466,-0.7551,0.021,0.9790000000000001,0.0,ExifX7NT72s,negative
467,467,0.9378,0.006999999999999999,0.982,0.011000000000000001,F2CJROhhU9Y,possitive
468,468,0.9890000000000001,0.004,0.941,0.055,F2MrmVFX-iY,possitive
469,469,0.0,0.0,1.0,0.0,F49VpAnVa4c,neutral
470,470,0.9565,0.026000000000000002,0.932,0.042,F6iH4rzlY08,possitive
471,471,0.9999,0.067,0.725,0.207,FKgD3yFixUs,possitive
472,472,0.9999,0.008,0.82,0.172,FN2XDrAC3XM,possitive
473,473,0.0,0.0,1.0,0.0,FN3aEwXaPHU,neutral
474,474,1.0,0.063,0.731,0.20600000000000002,FQib8LJYPBk,possitive
475,475,-0.894,0.013999999999999999,0.982,0.003,FSidYcvaNxg,negative
476,476,0.0,0.0,1.0,0.0,FUfHRCdQmRA,neutral
477,477,0.9786,0.035,0.912,0.053,FV3xi7xldNg,possitive
478,478,-0.9579,0.027000000000000003,0.9490000000000001,0.024,FZjICq78KNI,negative
479,479,-0.9926,0.034,0.9570000000000001,0.009000000000000001,FbUqfc6Xzbw,negative
480,480,0.0,0.0,1.0,0.0,FdSWvZBPNqk,neutral
481,481,0.9304,0.039,0.915,0.046,Fe7kcXn2ydY,possitive
482,482,0.9932,0.005,0.987,0.009000000000000001,FgPXG0kBJwA,possitive
483,483,0.8002,0.0,0.995,0.005,Fhi1fPgiI-c,possitive
484,484,0.7998,0.0,0.997,0.003,FjmMJvuUlwY,possitive
485,485,0.9996,0.006,0.807,0.187,Fl2aLa3BUVY,possitive
486,486,-0.9273,0.02,0.972,0.009000000000000001,FmrU_uq2Md0,negative
487,487,0.0,0.0,1.0,0.0,FqU491ErjXk,neutral
488,488,0.9982,0.037000000000000005,0.927,0.036000000000000004,FrpAMZIGM2w,possitive
489,489,0.8863,0.08,0.8290000000000001,0.091,Fsxkf42m1VI,possitive
490,490,0.9033,0.002,0.983,0.015,FugilewB5S0,possitive
491,491,0.9821,0.034,0.8859999999999999,0.08,Fxaw_h-VGAg,possitive
492,492,0.9862,0.0,0.96,0.04,FxnFsNyKEaA,possitive
493,493,0.9992,0.005,0.8690000000000001,0.126,G-Dpt7_XVBU,possitive
494,494,0.9849,0.0,0.965,0.035,G-SY594_U_E,possitive
495,495,-0.9939,0.079,0.885,0.036000000000000004,G-vw9sXyJu8,negative
496,496,-0.8366,0.008,0.985,0.006999999999999999,G2q37K9E1Og,negative
497,497,0.9852,0.006,0.9359999999999999,0.059000000000000004,G5FYJs6f64U,possitive
498,498,-0.9709,0.045,0.9309999999999999,0.024,GAFsqFhHA2Y,negative
499,499,0.992,0.006,0.953,0.040999999999999995,GCsceqLHd-8,possitive
500,500,0.9982,0.0,0.9279999999999999,0.07200000000000001,GDNAzQGzqZc,possitive
501,501,0.9945,0.012,0.91,0.078,GG4OZhypZW8,possitive
502,502,0.8674,0.021,0.9540000000000001,0.025,GHPBLsGZkpE,possitive
503,503,0.9482,0.016,0.956,0.027000000000000003,GJ8VBKwsMGo,possitive
504,504,-0.9575,0.037000000000000005,0.9329999999999999,0.028999999999999998,GJxyBZvAGRc,negative
505,505,0.9444,0.006,0.956,0.038,GKH--cmcnP8,possitive
506,506,0.9793,0.011000000000000001,0.953,0.036000000000000004,GKgvAuTDBmg,possitive
507,507,0.0,0.0,1.0,0.0,GL3mkHb0X20,neutral
508,508,0.6283,0.015,0.9520000000000001,0.033,GLreYRqgyC8,possitive
509,509,0.9488,0.0,0.978,0.022000000000000002,GOVGUiimPyA,possitive
510,510,1.0,0.037000000000000005,0.672,0.29,GSTyIwVqO6Q,possitive
511,511,0.6836,0.0,0.996,0.004,GWUW7YBJaMQ,possitive
512,512,0.9997,0.091,0.792,0.11699999999999999,GX79IILLDlE,possitive
513,513,0.8875,0.023,0.945,0.032,GYDhepHfI9Q,possitive
514,514,0.9999,0.022000000000000002,0.682,0.297,GZVG3QB-2pU,possitive
515,515,0.9192,0.0,0.7859999999999999,0.214,GZiUko0owz4,possitive
516,516,0.0,0.0,1.0,0.0,G_5MJ6TfPCI,neutral
517,517,1.0,0.09300000000000001,0.722,0.18600000000000003,GaIW5CQQ3Zo,possitive
518,518,0.0,0.0,1.0,0.0,GcLD6_b1uQA,neutral
519,519,0.9924,0.003,0.945,0.052000000000000005,GkH29L4Z6Sg,possitive
520,520,0.9211,0.015,0.955,0.03,Gp-ZX0D9SyE,possitive
521,521,0.9685,0.012,0.9670000000000001,0.021,GqwS5HQLb7M,possitive
522,522,0.9747,0.0,0.972,0.027999999999999997,GrIcXTYf8pM,possitive
523,523,0.0,0.0,1.0,0.0,GtGfiB43wYY,neutral
524,524,-0.9979,0.067,0.9259999999999999,0.008,GuW9pbOv6d8,negative
525,525,0.0,0.0,1.0,0.0,GzFWMQM-3Q0,neutral
526,526,0.0,0.0,1.0,0.0,H1CAB81ayLQ,neutral
527,527,-0.9990000000000001,0.11599999999999999,0.871,0.013000000000000001,H2-OjCvXrvA,negative
528,528,0.9996,0.057999999999999996,0.787,0.155,H6g4iPfhIKM,possitive
529,529,-0.9978,0.09,0.892,0.018000000000000002,H8s_GslzCJA,negative
530,530,0.987,0.067,0.816,0.11699999999999999,HAz1QTVCIgY,possitive
531,531,-0.9976,0.071,0.9129999999999999,0.016,HBMQXg6UBBA,negative
532,532,0.0,0.0,1.0,0.0,HDN9lPz1544,neutral
533,533,0.9858,0.026000000000000002,0.92,0.055,HDWr8K2t_1E,possitive
534,534,0.0,0.0,1.0,0.0,HHC_74dpADU,neutral
535,535,0.9853,0.02,0.91,0.07,HJL-_t2INLg,possitive
536,536,1.0,0.087,0.7909999999999999,0.122,HLzz439tjw4,possitive
537,537,-0.8948,0.179,0.726,0.095,HPVX_TvWKjA,negative
538,538,-0.9971,0.071,0.9159999999999999,0.013000000000000001,HR8Qsz9NqGs,negative
539,539,0.9998,0.012,0.841,0.14800000000000002,HShJwyvMReQ,possitive
540,540,0.9999,0.079,0.789,0.133,HVxuZyRXBm8,possitive
541,541,0.9255,0.019,0.951,0.03,HWOMYUZtGr8,possitive
542,542,-0.9984,0.09699999999999999,0.895,0.008,HY7XE0tjLFg,negative
543,543,0.9999,0.031,0.6709999999999999,0.299,HdV2w2xQdHw,possitive
544,544,-0.9946,0.079,0.8809999999999999,0.040999999999999995,HdcLRlkcHiw,negative
545,545,0.738,0.013000000000000001,0.965,0.022000000000000002,HeyzrPPQT9c,possitive
546,546,0.9985,0.004,0.8059999999999999,0.19,Hfybrq-wYm0,possitive
547,547,1.0,0.040999999999999995,0.742,0.218,HhjHYkPQ8F0,possitive
548,548,0.9402,0.0,0.983,0.017,HiIqMPwxc2s,possitive
549,549,0.5042,0.004,0.988,0.006999999999999999,Hkuo8d91ukE,possitive
550,550,0.0,0.0,1.0,0.0,HqX812h9oaM,neutral
551,551,0.9409,0.008,0.941,0.051,HrOroCBaXL0,possitive
552,552,0.9547,0.009000000000000001,0.971,0.02,Ht4TD0Ch7gA,possitive
553,553,0.9997,0.026000000000000002,0.882,0.09300000000000001,HtdUBg_njkg,possitive
554,554,0.6628,0.0,0.993,0.006999999999999999,HtvRXtjbPco,possitive
555,555,0.9941,0.021,0.95,0.028999999999999998,HvCVjS-WEm8,possitive
556,556,0.0,0.0,1.0,0.0,HzxnwC1OdcY,neutral
557,557,0.9997,0.017,0.9209999999999999,0.062,I-NrHG3aDMI,possitive
558,558,-0.5216,0.001,0.9990000000000001,0.0,I4qrcMs3Aho,negative
559,559,-0.9706,0.013999999999999999,0.986,0.0,I5ah5By4QWo,negative
560,560,0.0,0.0,1.0,0.0,I7SZxoZlkxY,neutral
561,561,0.6713,0.006,0.977,0.017,IAqGKa5kF9g,possitive
562,562,0.9684,0.0,0.96,0.04,IG94Mc6eSpw,possitive
563,563,0.9951,0.006,0.8759999999999999,0.11800000000000001,IIB0QOB4sjU,possitive
564,564,0.9833,0.005,0.98,0.015,IIMws4nQW-8,possitive
565,565,0.9994,0.081,0.733,0.18600000000000003,IIOY165lt8k,possitive
566,566,-0.993,0.042,0.922,0.036000000000000004,INLwQ_Z0MUg,negative
567,567,0.993,0.057,0.84,0.10300000000000001,INqwwXYcAko,possitive
568,568,0.9909,0.0,0.9890000000000001,0.011000000000000001,IOS9F8WF0jw,possitive
569,569,0.9563,0.016,0.9520000000000001,0.032,IOTMBvA0uwg,possitive
570,570,0.7506,0.0,0.88,0.12,IOo2dWm064Y,possitive
571,571,1.0,0.019,0.772,0.209,IVMquMDUQZY,possitive
572,572,0.9998,0.038,0.752,0.21,IVZsfc0TqJo,possitive
573,573,0.9554,0.017,0.953,0.03,IW2lPzDVbQs,possitive
574,574,0.9849,0.003,0.976,0.021,IYHB2cpj_5U,possitive
575,575,0.9384,0.003,0.983,0.013999999999999999,Il1YU1v44-A,possitive
576,576,0.0,0.0,1.0,0.0,Io53bsNR55I,neutral
577,577,-0.8917,0.022000000000000002,0.966,0.012,IpAUeZ4Kt9g,negative
578,578,0.9485,0.004,0.988,0.006999999999999999,IrzABKWrfyQ,possitive
579,579,0.9997,0.006,0.8009999999999999,0.193,IsBasdYwA1A,possitive
580,580,0.7634,0.027000000000000003,0.951,0.021,Ituq8iAOj30,possitive
581,581,0.9993,0.046,0.82,0.133,Ivk-fF5hJzA,possitive
582,582,0.9711,0.002,0.971,0.027000000000000003,Iw39saG2ZGU,possitive
583,583,0.0,0.0,1.0,0.0,Iwb0Ktndiu0,neutral
584,584,0.0,0.0,1.0,0.0,IwnxtTmCJAY,neutral
585,585,0.9999,0.063,0.792,0.14400000000000002,J-paPjl1zA0,possitive
586,586,0.8892,0.023,0.951,0.026000000000000002,J-th9v4IASA,possitive
587,587,-0.9968,0.05,0.92,0.03,J47tpjCzfQo,negative
588,588,0.9971,0.021,0.9129999999999999,0.065,JADiZCNZv_4,possitive
589,589,0.9996,0.043,0.784,0.17300000000000001,JBCIB-rlNyQ,possitive
590,590,-0.9599,0.051,0.9109999999999999,0.038,JGOiy9oRQlI,negative
591,591,0.9990000000000001,0.006999999999999999,0.902,0.091,JI3c4_dhDYE,possitive
592,592,0.9931,0.013999999999999999,0.937,0.049,JKIje9RwTXw,possitive
593,593,0.9999,0.021,0.7879999999999999,0.192,JLX6gos1_6k,possitive
594,594,0.9996,0.073,0.7340000000000001,0.193,JNuROmStRu0,possitive
595,595,0.9785,0.021,0.941,0.038,JRp43x_aYIU,possitive
596,596,0.9915,0.06,0.845,0.095,JRyOYiGXSdU,possitive
597,597,0.0,0.0,1.0,0.0,JTqc4M4xi_I,neutral
598,598,1.0,0.07200000000000001,0.726,0.201,JUmZ3NfiHDI,possitive
599,599,0.9957,0.009000000000000001,0.934,0.057,JV_eLj6ABSk,possitive
600,600,0.9964,0.005,0.904,0.091,Jd0B914bTGw,possitive
601,601,0.9789,0.008,0.9540000000000001,0.037000000000000005,Jdj4GUqChk8,possitive
602,602,-0.8994,0.13,0.75,0.12,JdrT6MHkhoU,negative
603,603,0.7669,0.021,0.9520000000000001,0.027000000000000003,JeR10rgrKxE,possitive
604,604,0.9990000000000001,0.02,0.9420000000000001,0.038,JekUB5ARGu0,possitive
605,605,0.9999,0.038,0.6859999999999999,0.276,JfAcAIxFKKo,possitive
606,606,0.8238,0.0,0.987,0.013000000000000001,JhBW3rVHlf4,possitive
607,607,0.9978,0.013000000000000001,0.898,0.08900000000000001,JipnO8HCGj4,possitive
608,608,0.0,0.0,1.0,0.0,JjGEBCTmg2g,neutral
609,609,0.9932,0.062,0.831,0.107,JkrbBg5tkVU,possitive
610,610,0.9882,0.025,0.9259999999999999,0.049,JlDqgU2AoRU,possitive
611,611,0.934,0.0,0.998,0.002,JmS1u0B74Ck,possitive
612,612,-0.7121,0.005,0.9940000000000001,0.001,JnDd6VUiMLQ,negative
613,613,0.7293,0.0,0.995,0.005,JntRDFFdWmg,possitive
614,614,0.9997,0.044000000000000004,0.7140000000000001,0.242,Jq1_ojQdDI8,possitive
615,615,0.8932,0.0,0.97,0.03,JqcciDF5W4M,possitive
616,616,0.9688,0.003,0.9890000000000001,0.008,JreH9ISczag,possitive
617,617,0.9827,0.0,0.9209999999999999,0.079,JseB-BGObHk,possitive
618,618,-1.0,0.055,0.93,0.016,Jt0kSvJewaQ,negative
619,619,0.8875,0.0,0.987,0.013000000000000001,Jtl0EMlX1cs,possitive
620,620,0.9727,0.055,0.861,0.084,JtzbLvoGAuo,possitive
621,621,-0.9998,0.076,0.894,0.03,JvSdLL98SXQ,negative
622,622,0.9992,0.076,0.733,0.192,JxHppOnkWr4,possitive
623,623,0.9985,0.004,0.861,0.135,K-74XvQ1LEg,possitive
